id b1 b2 b3 b4 b5 b7
133 59 5 94 76 80 58 89 70
134 59 5 91 76 77 56 81 61
135 59 5 84 70 76 62 102 65
136 59 5 79 65 75 64 123 78
137 59 5 77 64 70 62 128 81
138 59 5 77 61 67 61 119 75
139 59 5 79 61 74 64 137 86
140 59 5 77 61 70 61 126 79
141 59 5 78 62 68 61 121 77
142 59 5 77 60 65 61 118 77
143 59 5 75 60 64 60 114 72
144 59 5 75 59 60 59 104 68
145 59 5 81 63 72 72 110 68
133 60 5 79 65 64 63 89 51
134 60 5 78 66 66 61 100 56
135 60 5 80 63 66 60 96 60
136 60 5 76 59 62 60 90 56
137 60 5 73 59 60 58 93 56
138 60 5 73 56 57 58 86 52
139 60 5 75 60 64 59 113 72
140 60 5 78 60 63 58 113 72
141 60 5 77 58 61 59 108 68
142 60 5 73 57 57 56 100 63
143 60 5 75 58 57 55 97 61
144 60 5 73 59 57 58 98 61
145 60 5 75 60 63 59 104 62
133 61 5 73 59 60 65 94 58
134 61 5 74 55 58 57 95 59
135 61 5 72 55 54 53 84 52
136 61 5 75 55 55 58 85 52
137 61 5 75 55 55 58 85 52
138 61 5 72 52 51 64 75 43
139 61 5 72 56 58 57 85 53
140 61 5 74 59 61 58 101 62
141 61 5 76 57 61 59 100 59
142 61 5 73 55 58 54 85 52
143 61 5 71 55 52 56 81 48
144 61 5 75 57 55 56 90 55
145 61 5 73 57 56 54 91 55
133 62 5 75 58 54 59 89 52
134 62 5 70 53 52 58 83 50
135 62 5 69 54 51 57 77 46
136 62 5 74 53 49 59 81 47
137 62 5 71 52 44 69 67 39
138 62 5 68 55 45 69 65 36
139 62 5 74 56 57 56 88 52
140 62 5 71 55 58 59 95 56
141 62 5 72 54 54 55 85 57
142 62 5 71 55 51 56 79 47
143 62 5 72 54 51 55 75 48
144 62 5 69 51 48 53 60 35
145 62 5 69 51 46 54 63 36
133 63 5 74 58 55 61 95 57
134 63 5 70 56 52 68 78 47
135 63 5 69 54 47 73 76 43
136 63 5 72 55 46 71 73 40
137 63 5 72 56 48 72 67 36
138 63 5 68 55 47 72 71 38
139 63 5 71 54 56 58 83 49
140 63 5 71 54 56 58 90 54
141 63 5 70 55 52 56 87 54
142 63 5 71 52 48 53 71 42
143 63 5 68 51 46 58 67 38
144 63 5 70 56 50 64 73 40
145 63 5 68 49 42 59 58 32
134 64 5 74 62 64 73 109 66
135 64 5 73 62 57 84 103 59
136 64 5 73 60 52 84 102 54
137 64 5 72 59 52 75 90 48
138 64 5 68 55 47 72 71 38
139 64 5 70 54 51 63 84 50
140 64 5 73 56 57 58 93 59
141 64 5 70 56 54 62 85 48
142 64 5 72 54 52 65 72 41
143 64 5 70 55 47 72 79 44
144 64 5 71 61 57 75 93 53
145 64 5 71 51 48 60 64 36
134 65 5 80 66 74 74 111 69
135 65 5 79 69 69 80 110 64
136 65 5 74 63 61 80 112 62
137 65 5 73 58 55 73 100 57
138 65 5 70 57 52 71 79 43
139 65 5 74 58 62 65 91 54
140 65 5 75 58 61 62 102 62
141 65 5 73 56 60 65 98 58
142 65 5 73 57 55 67 93 55
143 65 5 72 57 51 74 98 55
144 65 5 71 57 55 68 90 53
145 65 5 72 54 52 60 74 41
138 80 7 87 75 80 71 107 73
139 80 7 96 84 95 77 128 88
140 80 7 94 86 99 78 138 89
141 80 7 102 91 107 75 127 86
138 81 7 98 88 96 79 139 98
139 81 7 110 97 115 81 152 122
140 81 7 125 115 135 76 139 125
141 81 7 100 91 101 75 109 83
138 82 7 94 80 89 74 136 99
139 82 7 104 89 98 71 142 116
140 82 7 135 129 148 78 179 176
141 82 7 118 111 128 71 143 137
138 83 7 86 74 74 81 119 66
139 83 7 100 88 97 76 125 96
140 83 7 131 125 147 78 183 178
141 83 7 132 122 141 74 172 167
138 84 7 112 100 110 88 132 101
139 84 7 117 110 122 82 127 105
140 84 7 130 123 144 79 182 177
141 84 7 124 112 133 68 173 174
146 84 7 95 85 95 62 116 95
147 84 7 116 108 129 69 137 133
148 84 7 126 118 144 73 143 132
149 84 7 109 96 116 64 128 116
150 84 7 121 108 124 74 107 83
145 85 7 93 76 85 62 105 77
146 85 7 113 97 114 62 121 112
147 85 7 122 111 134 72 139 133
148 85 7 122 116 134 72 140 131
149 85 7 115 102 121 64 125 112
150 85 7 133 122 141 73 109 89
145 86 7 116 104 118 68 146 131
146 86 7 125 111 127 67 144 140
147 86 7 122 112 131 69 138 132
148 86 7 117 106 126 65 115 108
149 86 7 119 109 121 65 124 111
150 86 7 114 99 109 61 108 91
403 114 1 97 83 90 58 85 74
404 114 1 99 81 88 51 77 65
402 115 1 98 88 93 57 100 90
403 115 1 99 86 91 57 90 74
404 115 1 93 76 75 57 84 69
405 115 1 83 67 68 55 85 66
402 116 1 129 117 129 69 103 91
403 116 1 97 85 88 64 93 73
404 116 1 106 90 98 64 99 76
405 116 1 105 94 100 64 103 88
406 116 1 112 97 109 65 101 92
407 116 1 104 94 109 60 92 80
408 116 1 112 102 119 62 101 88
401 117 1 124 105 116 54 120 117
402 117 1 157 139 156 80 165 156
403 117 1 94 87 96 78 115 82
404 117 1 103 87 97 63 101 83
405 117 1 118 105 117 69 106 88
406 117 1 108 92 101 63 100 80
407 117 1 110 102 120 68 127 102
408 117 1 108 102 120 63 108 90
409 117 1 110 98 111 58 116 103
410 117 1 106 93 98 51 69 61
400 118 1 92 77 76 57 72 54
401 118 1 99 81 82 52 86 81
402 118 1 117 104 116 61 128 128
403 118 1 102 94 110 73 123 100
404 118 1 83 70 73 60 92 71
405 118 1 103 89 106 65 109 88
406 118 1 84 66 68 49 73 64
407 118 1 99 87 96 56 89 80
408 118 1 111 99 110 57 93 87
409 118 1 111 96 107 53 86 77
410 118 1 104 89 90 46 88 83
411 118 1 108 99 114 57 102 91
412 118 1 99 86 93 56 83 76
399 119 1 72 60 50 62 68 45
400 119 1 81 68 60 67 80 59
401 119 1 102 94 105 71 114 92
402 119 1 102 94 105 71 114 92
403 119 1 97 88 101 65 115 94
404 119 1 97 83 89 60 90 61
405 119 1 113 103 118 69 105 89
406 119 1 94 78 85 55 87 69
407 119 1 121 110 132 69 141 125
408 119 1 149 136 154 77 150 149
409 119 1 134 117 128 61 121 120
410 119 1 96 76 77 38 58 55
411 119 1 95 82 92 51 99 80
412 119 1 109 96 113 70 99 86
413 119 1 104 87 98 61 89 74
399 120 1 83 68 71 66 63 39
400 120 1 86 71 69 76 83 50
401 120 1 96 87 95 75 109 76
402 120 1 97 86 93 62 102 79
403 120 1 98 85 95 66 98 79
404 120 1 113 101 113 70 112 99
405 120 1 98 85 96 59 93 81
406 120 1 141 126 145 74 143 135
407 120 1 159 147 168 81 154 147
408 120 1 135 124 139 68 126 121
409 120 1 107 87 95 55 90 82
410 120 1 92 74 84 51 81 69
411 120 1 110 99 117 66 107 95
412 120 1 106 100 122 69 120 103
413 120 1 100 87 97 55 95 81
398 121 1 94 78 79 64 76 60
399 121 1 95 83 84 65 80 64
400 121 1 99 86 91 69 94 61
401 121 1 103 92 102 68 106 81
402 121 1 110 102 117 64 110 98
403 121 1 114 105 117 73 124 100
404 121 1 104 95 105 66 104 91
405 121 1 102 87 92 55 95 87
406 121 1 114 99 111 58 111 111
407 121 1 128 112 128 61 107 104
408 121 1 124 112 126 61 91 89
409 121 1 104 90 94 59 88 81
410 121 1 103 87 99 58 98 84
411 121 1 110 97 112 62 105 94
412 121 1 97 85 95 53 85 75
397 122 1 102 90 93 75 95 68
398 122 1 106 91 102 74 94 69
399 122 1 111 98 111 68 97 80
400 122 1 125 116 125 71 100 78
401 122 1 107 95 104 64 94 76
402 122 1 114 109 126 67 123 110
403 122 1 121 115 133 75 130 108
404 122 1 109 100 111 70 116 100
405 122 1 98 86 92 59 86 75
406 122 1 94 77 82 44 79 73
407 122 1 96 79 84 43 88 80
408 122 1 110 96 109 56 109 102
409 122 1 109 96 109 58 99 92
410 122 1 96 78 81 54 83 72
411 122 1 104 88 97 56 91 78
397 123 1 128 118 133 76 115 95
398 123 1 117 102 118 70 103 82
399 123 1 116 103 113 69 100 82
400 123 1 128 118 131 71 97 86
401 123 1 108 98 114 61 97 84
402 123 1 118 112 131 67 110 96
403 123 1 115 109 122 67 122 101
404 123 1 104 99 113 71 107 83
405 123 1 94 77 84 58 87 73
406 123 1 99 87 96 55 81 65
407 123 1 125 115 134 71 111 93
408 123 1 132 122 140 76 134 118
409 123 1 109 99 114 60 110 101
410 123 1 102 84 95 51 86 74
411 123 1 107 90 102 55 100 88
397 124 1 112 94 103 54 95 84
398 124 1 107 91 102 62 101 88
399 124 1 113 102 114 68 114 98
400 124 1 120 116 129 70 124 109
401 124 1 126 122 141 72 131 113
402 124 1 128 121 142 72 125 105
403 124 1 121 117 136 74 114 94
404 124 1 99 87 95 67 101 78
405 124 1 91 74 81 63 107 80
406 124 1 100 87 99 59 101 79
407 124 1 119 109 126 67 121 106
408 124 1 122 116 133 72 134 120
409 124 1 102 95 109 58 106 95
410 124 1 107 94 105 54 102 94
399 125 1 106 102 118 68 116 102
400 125 1 116 120 147 80 137 115
401 125 1 126 123 147 78 131 108
402 125 1 121 109 131 72 132 105
403 125 1 121 117 136 74 114 94
404 125 1 91 82 89 66 95 73
405 125 1 81 68 67 61 96 71
406 125 1 89 73 81 55 95 74
407 125 1 105 94 107 60 113 100
408 125 1 121 114 134 70 128 117
409 125 1 110 100 119 61 107 95
401 126 1 91 78 87 68 94 70
402 126 1 89 75 76 66 97 74
403 126 1 88 78 82 57 93 71
404 126 1 93 82 86 60 93 76
405 126 1 101 88 100 61 100 85
406 126 1 110 98 115 62 113 98
407 126 1 112 103 122 63 120 105
408 126 1 111 98 115 59 113 98
402 127 1 91 75 79 66 107 71
403 127 1 95 84 89 71 113 90
404 127 1 96 86 89 81 123 96
405 127 1 114 102 116 68 126 111
406 127 1 117 102 120 58 110 108
407 127 1 120 107 126 64 117 103
408 127 1 142 129 151 76 129 112
404 128 1 88 77 79 86 114 80
405 128 1 107 94 104 71 109 94
406 128 1 106 89 100 55 94 92
407 128 1 115 102 117 69 134 119
406 129 1 92 76 77 66 108 81
352 134 3 79 66 71 65 122 77
353 134 3 82 67 77 73 131 83
354 134 3 79 65 73 80 127 77
355 134 3 77 65 64 80 109 63
352 135 3 78 65 72 66 124 77
353 135 3 81 68 78 77 137 84
354 135 3 78 66 70 82 119 71
355 135 3 71 57 50 76 79 45
356 135 3 68 52 46 69 62 36
357 135 3 74 59 56 72 85 50
358 135 3 78 68 69 79 120 69
359 135 3 83 69 74 76 124 73
360 135 3 81 70 74 82 123 75
352 136 3 81 67 78 78 138 84
353 136 3 81 69 74 83 135 83
354 136 3 75 63 56 82 99 58
355 136 3 69 55 46 77 69 36
356 136 3 68 52 43 73 56 30
357 136 3 72 56 49 74 79 45
358 136 3 78 68 69 79 120 69
359 136 3 81 71 75 81 129 76
360 136 3 85 75 78 82 123 73
361 136 3 84 81 90 83 113 75
362 136 3 84 83 98 88 126 89
363 136 3 81 77 94 90 127 80
352 137 3 81 68 72 87 121 75
353 137 3 76 63 60 78 100 60
354 137 3 71 56 46 76 75 40
355 137 3 70 55 46 77 67 33
356 137 3 67 54 45 75 62 34
357 137 3 71 58 49 75 67 37
358 137 3 78 68 69 80 124 73
359 137 3 82 72 74 78 134 82
360 137 3 88 81 90 77 137 93
361 137 3 91 86 101 80 136 99
362 137 3 83 76 85 83 122 85
363 137 3 85 83 100 85 129 89
352 138 3 72 58 52 79 81 47
353 138 3 72 57 48 76 81 45
354 138 3 72 55 47 80 74 38
355 138 3 72 54 47 78 63 33
356 138 3 69 53 44 77 56 28
357 138 3 69 56 48 79 59 32
358 138 3 76 66 59 80 99 55
359 138 3 80 70 73 79 128 77
360 138 3 84 76 86 80 126 87
361 138 3 87 81 92 86 132 90
362 138 3 83 75 82 80 134 84
363 138 3 85 79 90 86 128 85
352 139 3 73 57 50 78 73 41
353 139 3 72 57 49 79 81 41
354 139 3 71 57 50 79 75 37
355 139 3 70 56 46 78 62 35
356 139 3 69 58 47 80 61 35
357 139 3 74 62 60 83 82 44
358 139 3 76 64 59 83 87 50
359 139 3 76 68 66 94 112 60
360 139 3 77 69 60 96 106 64
361 139 3 76 69 58 107 102 55
362 139 3 78 70 68 98 120 70
363 139 3 89 84 95 75 143 99
352 140 3 69 55 51 77 79 42
353 140 3 71 56 48 76 65 35
354 140 3 73 55 48 79 62 34
355 140 3 69 58 52 85 81 45
356 140 3 78 67 69 88 123 72
357 140 3 83 70 76 82 139 83
358 140 3 76 68 66 90 111 61
359 140 3 81 71 67 91 117 67
360 140 3 80 69 69 100 111 59
361 140 3 79 71 66 107 103 59
362 140 3 85 74 75 85 128 79
363 140 3 80 72 72 73 140 89
352 141 3 73 58 55 81 92 50
353 141 3 71 58 50 85 81 44
354 141 3 73 60 50 91 77 40
355 141 3 75 64 57 93 97 54
356 141 3 81 71 73 85 137 80
357 141 3 85 71 73 80 142 84
358 141 3 78 68 65 90 113 66
359 141 3 79 67 66 95 114 62
360 141 3 85 72 74 93 133 77
361 141 3 77 70 63 109 106 58
362 141 3 80 73 70 89 119 74
363 141 3 85 74 75 85 128 79
352 142 3 74 63 56 96 104 56
353 142 3 71 60 48 110 97 49
354 142 3 70 59 47 111 88 41
355 142 3 72 62 53 99 97 50
356 142 3 79 68 64 89 122 71
357 142 3 82 71 77 81 139 83
358 142 3 78 68 67 86 123 75
359 142 3 79 67 63 95 110 57
360 142 3 85 72 76 91 132 77
361 142 3 79 69 59 108 104 55
362 142 3 82 76 75 95 119 72
363 142 3 89 80 100 67 117 83
352 143 3 76 64 61 91 105 58
353 143 3 77 62 55 112 102 53
354 143 3 73 60 47 117 91 42
355 143 3 70 60 47 110 88 40
356 143 3 76 64 58 101 100 55
357 143 3 78 66 61 86 115 66
358 143 3 82 70 73 81 121 75
359 143 3 76 64 63 86 100 56
360 143 3 81 71 69 90 116 67
361 143 3 77 67 60 107 95 47
362 143 3 82 74 69 102 109 62
363 143 3 106 105 128 84 158 106
352 144 3 77 66 65 77 114 67
353 144 3 78 66 64 79 109 61
354 144 3 76 61 56 91 97 56
355 144 3 74 62 51 109 86 49
356 144 3 77 64 58 98 78 46
357 144 3 79 65 59 76 81 51
358 144 3 78 61 62 63 106 66
359 144 3 78 62 58 65 91 58
360 144 3 81 72 72 81 104 65
361 144 3 83 71 65 98 100 57
362 144 3 80 73 66 99 112 65
363 144 3 93 89 100 85 149 95
352 145 3 77 67 67 79 113 69
353 145 3 74 65 63 83 104 61
354 145 3 79 65 64 89 102 60
355 145 3 77 64 57 92 89 55
356 145 3 79 64 59 64 63 47
357 145 3 89 73 71 50 63 55
358 145 3 78 62 63 65 96 63
359 145 3 79 67 70 71 109 71
360 145 3 87 74 76 87 120 75
361 145 3 81 72 73 99 117 71
362 145 3 84 76 76 87 137 88
363 145 3 86 78 82 83 128 78
352 146 3 85 73 73 72 100 67
353 146 3 81 68 68 87 109 63
354 146 3 78 67 62 87 95 49
355 146 3 81 63 57 50 60 37
356 146 3 91 71 66 39 57 48
357 146 3 89 73 75 54 78 62
358 146 3 79 66 68 62 108 71
359 146 3 81 72 77 86 131 82
360 146 3 81 72 77 86 131 82
361 146 3 79 71 70 97 131 75
362 146 3 85 74 84 77 145 94
363 146 3 86 79 86 78 137 84
352 147 3 86 73 76 90 100 70
353 147 3 77 65 60 83 96 60
354 147 3 76 65 57 67 85 51
355 147 3 77 61 52 70 71 40
356 147 3 80 68 60 66 74 48
357 147 3 82 67 69 70 83 49
358 147 3 79 66 63 68 88 61
359 147 3 91 77 83 71 115 84
360 147 3 87 77 79 85 122 85
361 147 3 84 76 80 86 135 80
362 147 3 84 74 83 74 139 88
363 147 3 82 78 84 74 138 86
352 148 3 88 75 76 92 99 57
353 148 3 85 69 64 63 70 43
354 148 3 81 65 61 58 68 47
355 148 3 72 59 52 75 82 46
356 148 3 74 62 54 65 81 50
357 148 3 82 67 69 70 83 49
358 148 3 86 70 67 66 85 62
359 148 3 108 90 99 60 100 87
360 148 3 110 93 103 66 101 88
361 148 3 86 76 75 98 108 63
362 148 3 84 73 73 92 130 79
363 148 3 85 75 85 74 139 86
352 149 3 100 84 84 68 97 79
353 149 3 91 73 70 58 70 55
354 149 3 80 63 60 69 82 55
355 149 3 70 56 50 66 84 49
356 149 3 73 59 52 61 81 48
357 149 3 80 64 64 67 89 60
358 149 3 82 66 66 55 86 63
359 149 3 93 79 81 52 89 71
360 149 3 107 87 93 64 93 73
361 149 3 79 67 60 94 85 44
362 149 3 76 67 61 101 110 61
363 149 3 84 71 81 81 134 85
264 169 5 71 50 43 49 65 40
265 169 5 69 53 44 53 68 39
266 169 5 69 50 46 57 72 39
267 169 5 68 50 44 56 54 32
268 169 5 70 52 48 51 57 35
269 169 5 76 63 56 65 78 49
270 169 5 75 62 61 67 98 59
271 169 5 74 57 56 67 87 49
272 169 5 72 55 50 60 66 38
273 169 5 74 58 58 64 98 58
274 169 5 74 59 59 63 100 63
102 170 1 82 64 57 75 75 48
103 170 1 87 72 74 64 90 68
104 170 1 104 89 96 54 92 80
264 170 5 70 50 41 48 56 35
265 170 5 68 51 43 54 64 37
266 170 5 68 56 49 56 70 40
267 170 5 68 50 43 50 52 35
268 170 5 70 53 46 57 64 38
269 170 5 70 56 52 60 78 46
270 170 5 71 52 48 58 81 48
271 170 5 73 54 48 58 72 41
272 170 5 70 55 57 61 89 54
273 170 5 78 58 65 61 104 64
274 170 5 74 60 64 60 100 63
100 171 1 97 79 78 60 71 50
101 171 1 95 76 77 59 76 54
102 171 1 112 96 103 69 97 80
103 171 1 99 82 87 58 94 75
104 171 1 103 89 100 61 94 78
264 171 5 68 50 44 53 62 34
265 171 5 68 53 50 62 75 41
266 171 5 71 56 53 63 76 45
267 171 5 69 52 48 55 60 37
268 171 5 68 49 41 56 48 25
269 171 5 68 52 45 62 58 31
270 171 5 69 50 44 59 62 35
271 171 5 72 53 49 61 72 39
272 171 5 73 56 55 60 90 55
273 171 5 76 58 61 59 99 62
274 171 5 70 56 59 58 93 54
294 171 6 74 59 61 63 110 70
295 171 6 73 58 59 64 105 65
296 171 6 75 61 60 66 116 71
297 171 6 78 60 62 66 115 71
298 171 6 75 59 56 64 103 63
299 171 6 75 60 62 63 108 65
300 171 6 75 59 63 66 101 61
301 171 6 74 57 56 63 94 55
98 172 1 99 80 86 57 93 68
99 172 1 99 79 79 45 63 54
100 172 1 100 75 78 37 57 46
101 172 1 97 73 78 48 62 45
102 172 1 111 100 108 68 101 88
103 172 1 111 97 107 65 98 86
104 172 1 100 87 96 63 94 81
264 172 5 69 53 52 60 77 44
265 172 5 74 59 63 69 94 56
266 172 5 71 56 53 63 76 45
267 172 5 73 58 54 59 76 49
268 172 5 68 50 40 54 49 27
269 172 5 67 48 42 61 59 33
270 172 5 66 51 45 60 62 33
271 172 5 70 54 50 64 70 37
272 172 5 72 56 55 62 84 51
273 172 5 74 58 64 60 98 60
274 172 5 72 58 60 60 93 54
293 172 6 75 62 62 64 115 72
294 172 6 74 59 58 62 115 73
295 172 6 75 58 59 61 107 65
296 172 6 76 58 62 62 115 71
297 172 6 73 59 63 60 111 72
298 172 6 75 61 65 59 117 73
299 172 6 77 59 62 64 113 70
300 172 6 75 58 63 62 108 68
301 172 6 81 64 71 58 133 92
96 173 1 114 105 122 76 120 93
97 173 1 134 129 148 80 132 107
98 173 1 131 114 139 71 119 98
99 173 1 116 103 116 61 94 80
100 173 1 98 78 84 42 65 54
101 173 1 95 71 72 39 59 51
102 173 1 111 100 108 68 101 88
103 173 1 109 97 108 65 99 91
104 173 1 98 82 88 57 96 84
264 173 5 73 57 54 65 86 53
265 173 5 77 63 69 72 109 66
266 173 5 73 58 58 66 88 55
267 173 5 76 57 55 59 81 54
268 173 5 68 53 44 52 62 36
269 173 5 66 49 42 60 60 35
270 173 5 68 51 45 59 62 32
271 173 5 69 55 52 60 77 43
272 173 5 73 57 58 63 95 56
273 173 5 75 60 63 63 105 62
274 173 5 74 61 65 63 112 69
293 173 6 74 62 63 65 117 70
294 173 6 75 60 65 64 122 79
295 173 6 75 58 62 60 110 74
296 173 6 76 59 63 60 115 71
297 173 6 77 64 69 62 125 82
298 173 6 75 63 69 60 114 75
299 173 6 79 65 73 63 126 84
300 173 6 77 66 74 61 136 93
301 173 6 77 65 79 57 141 102
94 174 1 135 119 140 70 182 189
95 174 1 113 95 110 62 116 108
96 174 1 124 119 136 78 146 115
97 174 1 149 154 185 103 187 154
98 174 1 155 161 203 110 186 156
99 174 1 149 152 189 104 178 150
100 174 1 111 102 113 69 100 79
101 174 1 95 76 79 50 71 54
102 174 1 95 81 87 58 90 64
103 174 1 107 94 107 66 105 89
104 174 1 109 93 107 59 89 82
105 174 1 104 90 99 56 90 79
264 174 5 75 58 58 64 85 53
265 174 5 76 61 63 66 95 59
266 174 5 77 63 68 67 109 68
267 174 5 75 57 60 57 89 57
268 174 5 71 56 53 54 76 46
269 174 5 69 52 48 61 75 46
270 174 5 70 53 44 59 65 35
271 174 5 69 54 52 59 68 39
272 174 5 73 56 57 61 91 53
273 174 5 74 60 64 63 102 60
274 174 5 76 61 68 63 118 74
293 174 6 75 61 61 66 113 68
294 174 6 74 60 61 63 112 70
295 174 6 75 57 64 61 115 78
296 174 6 77 63 70 62 126 83
297 174 6 78 64 70 60 130 87
298 174 6 79 66 73 59 111 75
299 174 6 78 65 73 59 111 77
300 174 6 77 69 79 62 139 98
301 174 6 81 70 81 60 152 107
92 175 1 96 80 86 40 65 61
93 175 1 101 82 88 57 102 92
94 175 1 103 87 94 60 119 111
95 175 1 109 95 101 60 102 91
96 175 1 115 105 119 72 121 105
97 175 1 139 136 164 94 166 133
98 175 1 147 155 191 104 207 163
99 175 1 143 146 179 100 196 163
100 175 1 110 100 112 75 105 79
101 175 1 97 84 93 62 90 70
102 175 1 100 83 91 58 94 77
103 175 1 104 88 98 58 102 90
104 175 1 113 98 111 59 109 101
105 175 1 115 101 113 58 110 102
264 175 5 76 58 62 62 95 60
265 175 5 74 59 64 66 114 69
266 175 5 79 65 74 67 117 76
267 175 5 79 64 69 58 103 68
268 175 5 76 60 64 56 84 52
269 175 5 70 53 51 58 87 51
270 175 5 69 55 45 60 73 42
271 175 5 68 55 46 62 69 41
272 175 5 73 56 57 61 91 53
273 175 5 74 57 64 58 101 62
274 175 5 78 59 65 61 114 74
293 175 6 76 60 66 63 117 74
294 175 6 76 60 64 63 115 73
295 175 6 78 64 72 65 134 87
296 175 6 78 64 73 64 134 88
297 175 6 77 62 67 61 121 78
298 175 6 78 61 67 55 114 77
299 175 6 79 65 72 56 113 80
300 175 6 80 69 81 60 138 101
301 175 6 81 69 83 61 148 107
91 176 1 94 73 80 46 67 60
92 176 1 92 69 73 30 38 37
93 176 1 91 74 73 39 51 45
94 176 1 101 84 85 48 61 50
95 176 1 103 88 96 58 98 82
96 176 1 108 90 101 56 102 100
97 176 1 112 98 108 62 114 100
98 176 1 120 116 129 80 151 122
99 176 1 128 120 141 82 154 117
100 176 1 102 85 99 62 105 77
101 176 1 100 90 95 61 92 75
102 176 1 104 90 100 61 95 82
103 176 1 89 72 73 42 59 54
104 176 1 95 77 78 44 64 62
105 176 1 115 102 109 59 108 104
264 176 5 74 61 64 65 108 67
265 176 5 73 58 61 64 88 53
266 176 5 81 65 76 63 123 78
267 176 5 81 64 71 57 90 64
268 176 5 74 58 57 57 83 51
269 176 5 70 56 50 60 71 42
270 176 5 69 55 48 63 67 37
271 176 5 71 54 47 59 71 45
272 176 5 75 57 61 57 89 53
273 176 5 77 58 63 62 107 65
274 176 5 76 62 68 62 114 72
293 176 6 76 59 63 64 124 80
294 176 6 77 59 64 67 130 83
295 176 6 80 66 73 69 143 93
296 176 6 76 66 74 67 137 88
297 176 6 78 63 69 65 123 78
298 176 6 79 64 69 60 116 77
299 176 6 78 65 73 59 122 85
300 176 6 80 68 80 60 139 99
301 176 6 84 71 84 61 143 103
91 177 1 104 82 91 45 61 54
92 177 1 93 68 67 33 37 37
93 177 1 94 75 76 36 42 36
94 177 1 102 83 84 45 69 60
95 177 1 102 82 92 50 80 71
96 177 1 107 89 99 59 98 86
97 177 1 104 89 100 64 89 77
98 177 1 110 97 106 71 110 85
99 177 1 101 88 100 60 99 79
100 177 1 96 82 90 52 72 63
101 177 1 107 89 100 53 85 82
102 177 1 105 87 95 51 82 73
103 177 1 105 87 95 51 82 73
264 177 5 74 58 59 58 97 58
265 177 5 72 56 58 59 97 56
266 177 5 79 63 71 61 113 75
267 177 5 83 67 69 58 91 66
268 177 5 81 62 67 59 94 63
269 177 5 72 57 60 59 92 57
270 177 5 72 56 57 59 81 47
271 177 5 71 54 48 59 77 44
272 177 5 72 57 59 61 86 50
273 177 5 74 56 61 61 107 63
274 177 5 75 59 65 59 106 70
293 177 6 77 59 62 64 113 73
294 177 6 76 64 68 67 123 78
295 177 6 80 67 71 68 125 81
296 177 6 79 66 77 67 133 89
297 177 6 78 63 69 65 123 78
298 177 6 78 62 65 63 124 81
299 177 6 76 60 64 60 119 80
300 177 6 81 66 78 61 138 96
301 177 6 84 74 88 62 148 105
92 178 1 102 86 90 48 65 59
93 178 1 99 76 80 39 54 49
94 178 1 96 72 74 36 44 42
95 178 1 92 73 74 43 49 44
96 178 1 100 86 94 58 91 75
97 178 1 105 85 94 58 89 76
98 178 1 101 91 99 67 102 87
99 178 1 99 82 81 55 73 61
100 178 1 136 134 152 75 119 113
101 178 1 138 124 142 67 106 99
102 178 1 108 94 101 59 118 103
264 178 5 74 58 62 57 99 62
265 178 5 74 57 62 59 96 60
266 178 5 76 61 63 58 82 53
267 178 5 80 65 66 59 97 62
268 178 5 77 58 64 61 90 59
269 178 5 73 60 64 62 100 60
270 178 5 72 58 57 55 81 49
271 178 5 69 51 45 57 66 38
272 178 5 69 55 49 62 78 49
273 178 5 71 55 54 60 88 53
274 178 5 76 59 62 63 93 55
293 178 6 76 65 69 57 111 75
294 178 6 80 66 73 59 122 81
295 178 6 83 68 78 59 126 86
296 178 6 82 69 79 59 128 88
297 178 6 78 63 69 64 129 86
298 178 6 78 61 65 61 122 83
299 178 6 80 69 79 61 139 97
300 178 6 80 69 79 61 139 97
301 178 6 81 72 85 63 138 102
92 179 1 111 91 102 56 91 79
93 179 1 107 87 96 52 82 74
94 179 1 102 83 90 45 65 59
95 179 1 99 79 83 45 59 51
96 179 1 99 85 85 62 75 66
97 179 1 101 84 92 65 92 76
98 179 1 105 93 97 58 85 72
99 179 1 128 119 129 68 108 98
100 179 1 163 168 194 89 145 144
93 180 1 109 93 104 57 91 80
94 180 1 108 90 100 58 94 81
95 180 1 104 90 97 63 88 75
96 180 1 101 84 86 63 80 71
97 180 1 102 84 92 68 90 73
98 180 1 106 95 101 55 84 76
93 181 1 114 95 110 50 98 87
94 181 1 110 91 99 60 98 84
95 181 1 100 84 92 69 94 75
96 181 1 104 89 97 66 89 79
94 182 1 99 81 85 70 93 76
192 188 6 68 48 36 15 15 13
193 188 6 66 46 37 16 15 11
194 188 6 66 46 35 14 13 13
195 188 6 66 47 36 15 14 12
196 188 6 66 46 36 14 13 11
197 188 6 68 45 36 15 14 14
198 188 6 64 45 35 14 12 13
199 188 6 66 47 35 13 12 10
200 188 6 65 47 35 13 13 11
201 188 6 66 45 35 15 13 13
202 188 6 64 44 34 15 12 12
203 188 6 66 46 34 15 14 11
204 188 6 65 46 35 15 13 13
192 189 6 66 46 36 15 14 12
193 189 6 68 46 36 15 14 11
194 189 6 67 45 36 15 15 13
195 189 6 65 47 36 15 14 11
196 189 6 67 44 37 15 15 12
197 189 6 67 47 37 15 13 12
198 189 6 67 45 37 15 13 13
199 189 6 64 46 33 15 13 12
200 189 6 65 46 35 15 14 11
201 189 6 66 44 36 15 14 12
202 189 6 66 44 34 15 13 9
203 189 6 66 46 36 15 12 10
204 189 6 66 46 36 15 13 13
193 190 6 69 46 36 14 13 12
194 190 6 67 46 34 16 14 12
195 190 6 67 46 36 15 14 14
196 190 6 65 45 34 15 14 11
197 190 6 66 48 39 16 14 10
198 190 6 67 47 36 15 15 11
199 190 6 64 45 35 15 14 14
200 190 6 65 44 34 15 14 11
201 190 6 66 45 36 15 13 13
202 190 6 66 46 35 15 12 10
203 190 6 64 46 36 14 13 11
204 190 6 66 46 33 15 14 12
193 191 6 68 47 36 15 15 11
194 191 6 67 47 35 15 14 13
195 191 6 68 46 37 14 13 11
196 191 6 65 46 33 14 15 13
197 191 6 66 46 39 15 14 12
198 191 6 66 47 34 16 14 11
199 191 6 66 45 36 15 13 12
200 191 6 66 45 35 14 13 13
201 191 6 66 46 35 14 12 11
202 191 6 65 46 37 14 13 12
203 191 6 65 46 34 15 15 11
204 191 6 66 46 31 15 14 11
193 192 6 66 47 36 15 14 12
194 192 6 68 46 36 14 14 12
195 192 6 68 46 37 14 13 11
196 192 6 66 46 36 15 15 14
197 192 6 68 48 39 15 13 12
198 192 6 66 45 34 15 14 11
199 192 6 67 46 34 15 13 12
200 192 6 66 45 36 13 14 13
201 192 6 68 45 35 14 12 10
202 192 6 66 45 37 15 13 12
203 192 6 66 45 33 15 14 12
204 192 6 67 45 33 15 13 13
194 193 6 66 46 35 15 14 13
195 193 6 65 46 37 16 14 13
196 193 6 67 47 37 14 15 11
197 193 6 67 45 36 14 13 11
198 193 6 64 47 33 15 14 14
199 193 6 64 47 33 15 14 14
200 193 6 67 44 37 14 15 11
201 193 6 66 45 35 15 12 12
202 193 6 66 46 35 14 12 13
203 193 6 65 45 35 14 13 13
204 193 6 66 45 35 15 14 12
194 194 6 67 48 34 14 14 11
195 194 6 67 45 36 16 13 11
196 194 6 66 45 34 15 16 12
197 194 6 67 47 37 15 13 12
198 194 6 65 45 35 15 14 13
199 194 6 65 45 34 15 14 11
200 194 6 66 46 35 15 13 13
201 194 6 67 44 36 15 14 14
202 194 6 67 46 34 14 13 11
203 194 6 66 46 35 15 13 12
204 194 6 65 45 34 15 14 11
194 195 6 67 46 35 15 15 12
195 195 6 66 46 38 15 13 10
196 195 6 68 47 34 15 15 12
197 195 6 66 46 36 14 13 12
198 195 6 65 46 33 15 15 10
199 195 6 66 45 36 15 12 11
200 195 6 66 45 33 14 14 15
201 195 6 65 45 36 14 13 12
202 195 6 66 45 35 15 14 10
203 195 6 65 44 35 15 14 12
204 195 6 66 47 36 14 14 13
195 196 6 65 44 35 16 15 13
196 196 6 67 45 37 15 14 13
197 196 6 67 46 35 15 14 12
198 196 6 66 46 34 15 15 11
199 196 6 65 47 36 15 14 12
200 196 6 67 45 35 15 14 13
201 196 6 65 45 36 14 13 12
202 196 6 64 45 35 15 15 11
203 196 6 66 46 34 15 15 13
294 227 4 86 73 78 55 73 53
295 227 4 83 69 71 64 83 60
296 227 4 86 71 70 69 85 62
297 227 4 85 70 70 66 90 67
298 227 4 89 74 77 64 80 60
289 228 4 80 69 74 70 107 63
290 228 4 80 71 79 64 107 73
291 228 4 88 74 84 61 102 78
292 228 4 95 82 93 56 90 70
293 228 4 89 76 85 64 89 62
294 228 4 83 70 71 73 90 61
295 228 4 83 70 71 73 90 61
296 228 4 86 71 73 73 90 62
297 228 4 88 73 78 73 99 72
298 228 4 92 78 83 78 102 75
290 229 4 84 71 76 59 76 54
291 229 4 87 75 84 62 102 69
292 229 4 94 82 92 57 98 82
293 229 4 92 82 93 64 102 76
294 229 4 90 80 88 68 98 69
295 229 4 93 81 88 68 98 72
296 229 4 93 79 88 72 107 77
297 229 4 98 84 96 66 110 84
298 229 4 94 81 89 58 98 79
290 230 4 79 63 66 62 83 60
291 230 4 76 63 66 74 101 61
292 230 4 89 74 81 61 98 73
293 230 4 82 69 74 57 84 65
294 230 4 85 70 75 52 77 58
295 230 4 91 71 71 48 69 55
296 230 4 86 68 69 53 81 58
297 230 4 96 82 93 61 102 78
298 230 4 100 90 102 62 95 80
290 231 4 86 71 80 61 115 79
291 231 4 75 60 60 74 89 53
292 231 4 83 67 67 65 88 56
133 244 4 69 56 44 71 72 38
134 244 4 68 54 43 73 71 38
135 244 4 73 59 53 80 82 45
136 244 4 73 59 56 84 85 45
137 244 4 69 61 50 83 92 48
138 244 4 87 76 77 91 109 70
139 244 4 93 82 79 113 113 72
140 244 4 75 59 60 84 90 47
133 245 4 73 60 53 77 93 51
134 245 4 72 59 52 84 90 47
135 245 4 76 66 58 87 104 58
136 245 4 76 66 67 88 109 63
137 245 4 80 67 67 82 116 67
138 245 4 77 68 63 90 114 66
139 245 4 88 81 73 107 115 79
140 245 4 75 64 56 94 92 49
133 246 4 73 60 53 77 93 51
134 246 4 77 64 60 85 106 60
135 246 4 77 68 66 85 112 65
136 246 4 79 68 70 87 119 65
137 246 4 81 72 74 85 128 77
138 246 4 77 65 65 86 104 55
139 246 4 81 68 64 81 83 51
140 246 4 81 66 61 100 75 43
134 247 4 80 71 73 83 123 73
135 247 4 78 67 67 78 112 64
136 247 4 77 64 62 86 108 59
137 247 4 79 70 70 89 122 70
138 247 4 80 65 66 80 114 68
139 247 4 79 64 61 79 81 50
140 247 4 75 64 59 90 79 43
141 247 4 70 58 47 101 78 37
250 247 4 69 55 48 63 68 38
251 247 4 77 67 71 70 98 61
134 248 4 79 68 68 79 118 70
135 248 4 78 62 66 75 106 64
136 248 4 86 74 78 74 110 72
137 248 4 87 74 79 69 110 71
138 248 4 82 71 71 76 106 69
139 248 4 81 70 67 92 91 50
140 248 4 81 72 67 91 100 56
141 248 4 80 67 62 87 89 55
250 248 4 80 63 60 64 81 52
251 248 4 87 76 78 72 105 76
252 248 4 85 76 75 89 109 77
253 248 4 88 78 79 83 116 78
254 248 4 89 80 89 73 103 77
134 249 4 88 76 79 66 110 74
135 249 4 84 66 74 64 96 68
136 249 4 83 75 75 78 104 72
137 249 4 86 74 78 77 90 63
138 249 4 81 73 72 69 98 62
139 249 4 80 70 67 91 108 68
140 249 4 90 73 75 88 105 67
141 249 4 86 69 65 77 84 50
251 249 4 84 73 71 95 93 61
252 249 4 76 61 49 107 84 41
253 249 4 85 75 74 97 125 74
254 249 4 83 78 85 87 133 83
251 250 4 90 81 88 85 126 85
252 250 4 82 70 65 90 77 47
253 250 4 90 78 79 84 108 71
254 250 4 85 79 84 90 134 86
252 251 4 86 80 82 86 116 82
253 251 4 84 78 77 98 112 73
254 251 4 83 75 76 111 121 69
378 253 6 74 59 55 60 100 61
377 254 6 75 61 62 68 108 61
378 254 6 74 59 57 49 71 48
379 254 6 69 54 45 14 11 12
376 255 6 70 55 49 66 78 44
377 255 6 75 61 62 68 108 61
378 255 6 74 60 57 42 82 53
379 255 6 72 54 46 16 18 16
376 256 6 76 61 59 68 106 62
377 256 6 74 59 52 30 53 36
378 256 6 69 54 44 14 6 7
376 257 6 76 61 59 65 93 56
377 257 6 73 57 52 23 44 30
132 274 4 72 58 59 62 94 59
132 275 4 74 58 58 64 97 58
133 275 4 74 63 65 72 114 64
134 275 4 74 63 65 72 114 64
135 275 4 75 58 60 59 82 52
136 275 4 73 55 51 54 49 31
137 275 4 64 43 34 23 16 14
132 276 4 72 57 54 60 97 56
133 276 4 75 65 68 77 123 70
134 276 4 73 53 55 49 61 37
135 276 4 61 40 30 12 10 11
136 276 4 64 42 34 19 24 20
137 276 4 68 47 42 42 63 37
132 277 4 71 55 51 61 91 52
133 277 4 74 63 61 80 114 63
134 277 4 74 59 55 67 74 41
135 277 4 69 50 40 40 35 24
136 277 4 64 44 35 18 41 30
137 277 4 71 54 52 53 96 52
132 278 4 71 56 50 65 75 44
133 278 4 73 60 58 75 99 54
134 278 4 79 64 64 79 122 69
135 278 4 77 63 59 75 109 61
136 278 4 70 54 46 43 57 37
137 278 4 76 62 62 69 95 55
132 279 4 73 58 54 63 85 52
133 279 4 73 57 56 66 94 55
134 279 4 76 61 61 71 104 62
135 279 4 77 63 67 73 109 62
136 279 4 76 62 60 68 106 63
137 279 4 75 63 59 82 116 66
360 290 5 68 48 46 67 109 60
361 290 5 73 56 59 64 129 79
362 290 5 78 60 70 66 130 82
363 290 5 78 62 65 64 120 71
364 290 5 76 60 61 66 110 68
365 290 5 75 57 61 64 116 70
366 290 5 76 63 67 63 124 75
367 290 5 78 60 63 59 118 74
368 290 5 76 59 68 62 125 77
369 290 5 76 60 64 63 117 73
370 290 5 75 60 63 66 121 75
371 290 5 72 58 57 68 105 64
360 291 5 85 72 82 71 127 86
361 291 5 88 75 84 69 130 87
362 291 5 78 62 72 65 137 86
363 291 5 80 64 68 64 124 78
364 291 5 72 57 58 67 110 65
365 291 5 77 60 68 63 124 78
366 291 5 77 60 65 60 125 80
367 291 5 78 63 66 61 123 74
368 291 5 75 60 64 62 127 77
369 291 5 75 62 67 61 126 79
370 291 5 74 60 61 68 117 70
371 291 5 72 56 50 73 96 52
361 292 5 80 62 70 64 127 82
362 292 5 77 62 66 64 119 75
363 292 5 78 61 67 63 121 75
364 292 5 74 59 65 63 117 73
365 292 5 78 62 69 63 123 77
366 292 5 76 60 65 62 122 76
367 292 5 78 62 70 63 132 79
368 292 5 75 60 69 64 127 79
369 292 5 77 63 71 61 130 85
370 292 5 74 59 56 64 102 61
371 292 5 70 53 47 66 90 45
361 293 5 73 58 62 64 119 82
362 293 5 74 60 64 65 119 74
363 293 5 77 59 65 63 124 75
364 293 5 79 62 66 63 123 77
365 293 5 77 60 68 64 125 80
366 293 5 77 62 70 63 130 80
367 293 5 80 62 75 63 133 85
368 293 5 77 61 70 63 128 82
369 293 5 74 55 54 59 90 54
370 293 5 73 57 52 60 89 51
371 293 5 76 57 62 63 120 73
361 294 5 69 54 53 61 96 62
362 294 5 76 60 63 67 114 69
363 294 5 76 61 66 63 123 74
364 294 5 79 62 70 65 131 81
365 294 5 77 60 66 63 122 76
366 294 5 75 61 66 62 124 76
367 294 5 77 61 67 61 120 70
368 294 5 77 59 66 63 116 71
369 294 5 73 56 53 63 92 51
370 294 5 76 58 60 63 112 67
371 294 5 79 60 68 63 129 80
361 295 5 73 58 59 61 85 51
362 295 5 74 58 58 70 103 58
363 295 5 77 61 63 65 117 72
364 295 5 79 63 72 64 132 83
365 295 5 76 59 63 61 122 73
366 295 5 73 58 60 60 109 65
367 295 5 76 59 55 61 96 56
368 295 5 76 56 58 60 98 60
369 295 5 71 57 54 67 92 52
370 295 5 74 56 60 64 108 63
371 295 5 77 57 61 60 108 66
361 296 5 76 58 63 69 104 60
362 296 5 79 63 67 61 127 80
363 296 5 75 58 67 59 122 78
364 296 5 75 56 59 59 105 62
365 296 5 73 57 55 61 88 51
366 296 5 71 58 55 68 99 56
367 296 5 74 56 53 61 87 51
368 296 5 71 56 55 66 90 53
369 296 5 73 55 54 64 92 53
370 296 5 72 54 50 63 84 51
371 296 5 70 57 49 68 89 50
361 297 5 74 57 64 67 113 67
362 297 5 76 63 68 61 126 82
363 297 5 76 59 65 58 115 71
364 297 5 74 59 59 60 99 61
365 297 5 73 59 54 67 99 55
366 297 5 72 56 54 72 107 57
367 297 5 73 59 55 69 100 55
368 297 5 73 59 54 67 97 56
369 297 5 73 58 53 69 93 54
370 297 5 73 56 52 72 85 48
371 297 5 72 58 54 70 94 52
361 298 5 78 61 68 60 116 74
362 298 5 77 60 61 60 111 69
363 298 5 74 59 62 64 110 64
364 298 5 76 60 65 63 110 68
365 298 5 71 58 54 65 106 62
366 298 5 71 54 54 65 95 52
367 298 5 71 55 51 71 101 55
368 298 5 73 57 51 66 96 55
369 298 5 72 57 53 67 98 57
370 298 5 75 59 59 68 105 60
371 298 5 76 60 64 63 115 69
362 299 5 75 58 64 60 112 72
363 299 5 75 57 59 62 112 67
364 299 5 72 55 57 65 101 60
365 299 5 71 56 51 66 91 52
366 299 5 72 55 52 65 94 55
367 299 5 71 57 50 65 95 53
368 299 5 71 57 50 65 95 53
369 299 5 72 55 56 66 102 59
370 299 5 76 60 63 60 124 77
371 299 5 81 65 70 53 130 85
362 300 5 74 58 64 59 115 74
363 300 5 74 57 59 60 113 70
364 300 5 74 59 58 64 112 66
365 300 5 74 59 61 65 106 63
366 300 5 76 58 56 65 105 61
367 300 5 72 56 54 66 103 60
368 300 5 75 57 58 61 111 65
369 300 5 76 59 65 55 117 79
370 300 5 84 72 81 56 130 94
371 300 5 85 72 82 59 128 96
362 301 5 74 57 65 60 118 74
363 301 5 73 57 59 63 107 64
364 301 5 76 58 60 64 118 71
365 301 5 77 60 65 66 123 75
366 301 5 73 56 57 62 106 63
367 301 5 75 59 59 62 111 67
368 301 5 71 56 57 58 104 63
369 301 5 81 64 69 56 106 77
370 301 5 89 75 84 57 118 95
371 301 5 77 66 68 59 112 73
362 302 5 75 58 62 62 116 70
363 302 5 75 58 56 68 107 61
364 302 5 76 60 65 67 118 72
365 302 5 76 59 65 66 121 76
366 302 5 73 56 57 62 106 63
367 302 5 70 56 58 59 93 54
368 302 5 75 63 62 57 102 69
369 302 5 86 76 86 59 117 94
370 302 5 83 70 80 59 113 84
371 302 5 73 57 58 59 100 58
363 303 5 72 56 52 68 99 54
364 303 5 74 58 64 68 115 70
365 303 5 74 61 59 66 109 66
366 303 5 71 58 60 60 97 59
367 303 5 69 59 59 57 92 53
368 303 5 83 71 79 59 115 83
369 303 5 87 74 84 61 124 94
370 303 5 78 59 65 58 106 64
371 303 5 73 54 56 57 92 58
345 307 7 72 59 50 66 73 41
346 307 7 83 71 70 70 88 58
347 307 7 112 103 117 65 132 115
348 307 7 125 118 135 65 138 133
349 307 7 125 112 129 64 126 118
350 307 7 121 108 122 59 124 117
351 307 7 125 113 126 62 131 129
345 308 7 72 60 47 69 82 46
346 308 7 79 66 61 77 85 52
347 308 7 116 105 115 61 112 102
348 308 7 123 113 126 65 127 125
349 308 7 125 113 126 63 116 114
350 308 7 118 108 121 63 107 103
351 308 7 132 125 148 71 130 124
198 309 5 69 53 54 62 82 49
199 309 5 72 54 57 56 94 58
200 309 5 72 56 57 65 98 60
201 309 5 74 59 60 70 107 65
202 309 5 75 59 60 68 116 70
203 309 5 71 59 54 69 112 68
204 309 5 74 58 63 62 101 63
205 309 5 77 59 68 63 111 68
206 309 5 76 56 62 57 117 71
207 309 5 73 58 59 61 118 71
208 309 5 75 61 67 62 127 82
209 309 5 80 65 70 63 122 84
345 309 7 74 58 52 72 83 47
346 309 7 92 79 84 64 95 72
347 309 7 124 108 124 60 124 117
348 309 7 138 123 135 64 142 137
349 309 7 138 123 135 64 142 137
350 309 7 146 135 148 71 145 139
351 309 7 143 132 150 73 142 145
198 310 5 68 51 50 60 73 42
199 310 5 69 53 50 63 74 44
200 310 5 71 56 53 66 86 49
201 310 5 74 58 57 71 104 62
202 310 5 74 57 57 69 106 65
203 310 5 71 57 53 66 96 55
204 310 5 75 60 68 64 112 71
205 310 5 77 63 68 63 120 75
206 310 5 71 53 49 53 80 48
207 310 5 71 54 54 61 94 57
208 310 5 74 58 62 65 110 69
209 310 5 78 60 66 64 109 70
345 310 7 72 56 47 70 74 41
346 310 7 79 68 68 73 96 58
347 310 7 113 101 113 60 117 113
348 310 7 149 137 151 70 165 159
349 310 7 170 157 176 80 182 183
350 310 7 144 132 151 72 150 162
351 310 7 147 138 164 79 145 145
199 311 5 71 55 56 63 85 49
200 311 5 73 56 56 65 85 51
201 311 5 74 58 58 70 100 60
202 311 5 73 57 56 68 100 58
203 311 5 73 59 59 71 102 56
204 311 5 77 62 68 68 121 75
205 311 5 75 55 57 53 98 62
206 311 5 69 52 44 52 60 36
207 311 5 71 53 49 61 76 43
208 311 5 74 61 64 68 120 72
209 311 5 76 62 65 66 109 67
345 311 7 68 52 43 62 59 35
346 311 7 72 58 53 64 75 43
347 311 7 97 87 102 62 111 89
348 311 7 132 125 148 71 151 143
349 311 7 151 140 166 77 161 161
350 311 7 139 132 155 75 139 138
351 311 7 153 143 170 82 152 150
199 312 5 71 56 56 58 91 54
200 312 5 71 56 53 60 85 54
201 312 5 71 55 53 64 92 53
202 312 5 73 58 58 70 98 55
203 312 5 73 57 56 70 109 62
204 312 5 74 56 59 57 108 69
205 312 5 71 53 51 50 72 44
206 312 5 70 52 46 55 63 38
207 312 5 71 53 47 58 73 43
208 312 5 75 59 61 65 117 69
209 312 5 75 62 67 65 125 78
345 312 7 69 50 43 58 48 30
346 312 7 72 55 45 64 56 32
347 312 7 80 64 70 65 94 54
348 312 7 102 95 111 69 122 103
349 312 7 123 114 131 69 130 123
350 312 7 129 117 130 63 119 113
351 312 7 128 115 130 64 126 121
199 313 5 71 57 51 64 79 47
200 313 5 71 58 55 65 87 51
201 313 5 75 60 60 68 99 58
202 313 5 71 57 55 66 94 54
203 313 5 70 56 56 64 99 58
204 313 5 71 51 49 49 73 47
205 313 5 70 52 48 58 65 37
206 313 5 70 53 48 58 70 40
207 313 5 67 52 46 54 62 38
208 313 5 72 56 53 61 95 55
209 313 5 74 59 60 66 119 71
345 313 7 66 49 42 57 48 27
346 313 7 72 55 47 69 72 41
347 313 7 66 54 45 66 64 32
348 313 7 82 71 79 71 89 59
349 313 7 117 106 114 64 111 108
350 313 7 117 104 109 60 104 100
351 313 7 104 89 95 58 84 70
199 314 5 73 58 56 64 86 51
200 314 5 74 59 59 61 96 61
201 314 5 75 59 63 61 105 65
202 314 5 72 56 53 54 82 48
203 314 5 68 52 49 52 60 37
204 314 5 69 54 46 59 64 37
205 314 5 67 51 46 58 66 36
206 314 5 69 51 44 58 62 35
207 314 5 69 53 46 61 65 37
208 314 5 72 57 54 62 94 53
209 314 5 71 54 51 54 92 56
199 315 5 72 59 59 62 98 59
200 315 5 77 60 65 60 112 70
201 315 5 77 59 69 58 111 69
202 315 5 74 57 59 54 85 51
203 315 5 73 54 54 56 80 48
204 315 5 68 56 47 61 70 40
205 315 5 67 53 44 62 64 35
206 315 5 70 51 45 62 70 37
207 315 5 70 50 45 62 69 38
208 315 5 68 56 50 64 74 42
209 315 5 71 53 49 60 74 44
199 316 5 76 63 70 67 116 69
200 316 5 80 63 76 61 126 76
201 316 5 77 59 69 58 111 69
202 316 5 77 61 70 60 112 70
203 316 5 74 57 61 61 102 61
204 316 5 69 54 48 62 79 44
205 316 5 68 51 42 59 62 34
206 316 5 67 52 43 61 60 33
207 316 5 69 53 43 65 65 35
208 316 5 69 52 47 63 66 37
209 316 5 70 53 47 64 71 40
199 317 5 79 64 75 68 130 83
200 317 5 77 63 70 60 121 74
201 317 5 77 62 72 61 118 73
202 317 5 78 62 68 64 120 74
203 317 5 73 58 62 63 105 63
204 317 5 72 54 52 61 79 48
205 317 5 69 50 43 59 62 35
206 317 5 66 52 43 63 63 36
207 317 5 67 52 43 65 68 38
208 317 5 70 52 43 67 69 38
209 317 5 69 54 44 67 71 38
240 317 3 75 67 72 89 101 64
241 317 3 77 70 78 89 109 67
242 317 3 88 84 101 85 136 102
243 317 3 90 81 89 94 133 105
244 317 3 86 80 90 94 134 98
245 317 3 78 74 74 106 118 77
246 317 3 91 84 98 93 135 101
247 317 3 86 80 89 89 120 85
248 317 3 80 74 75 91 109 73
274 317 3 73 63 56 105 100 51
275 317 3 74 63 51 113 98 49
276 317 3 74 63 50 117 100 49
277 317 3 74 66 54 116 102 54
278 317 3 75 66 53 110 103 51
279 317 3 72 63 56 107 96 46
280 317 3 74 64 56 110 98 49
281 317 3 78 71 65 99 121 66
282 317 3 80 71 66 99 122 69
283 317 3 80 68 69 94 127 76
284 317 3 80 73 69 103 123 68
285 317 3 81 72 69 94 126 73
286 317 3 80 75 77 84 131 79
287 317 3 81 68 70 86 113 71
288 317 3 76 65 63 98 108 70
289 317 3 88 75 83 94 138 90
199 318 5 75 58 65 60 119 72
200 318 5 73 59 61 60 107 69
201 318 5 74 61 66 64 115 70
202 318 5 75 58 62 59 107 64
203 318 5 75 61 63 62 104 62
204 318 5 75 58 58 60 96 57
205 318 5 73 53 52 59 79 46
206 318 5 71 54 52 65 77 43
207 318 5 70 54 52 67 80 47
208 318 5 68 52 42 71 75 44
209 318 5 66 54 44 68 73 37
240 318 3 83 77 87 90 121 82
241 318 3 81 73 75 92 117 75
242 318 3 79 72 73 96 108 67
243 318 3 77 71 74 100 109 67
244 318 3 78 71 79 96 128 85
245 318 3 81 75 83 94 120 77
246 318 3 83 77 80 94 115 75
247 318 3 95 93 108 81 130 106
248 318 3 85 80 84 92 124 91
249 318 3 72 60 52 102 96 47
274 318 3 72 63 53 110 99 50
275 318 3 73 63 52 112 98 48
276 318 3 74 63 54 114 103 53
277 318 3 76 66 56 116 107 57
278 318 3 75 67 55 109 108 59
279 318 3 72 62 53 106 98 53
280 318 3 74 64 55 115 96 45
281 318 3 74 69 61 114 111 57
282 318 3 77 68 57 110 107 59
283 318 3 78 69 66 102 123 66
284 318 3 78 71 64 98 120 67
285 318 3 78 68 68 94 122 73
286 318 3 79 70 64 98 118 65
287 318 3 74 62 55 82 101 55
288 318 3 105 96 110 79 139 116
289 318 3 88 75 83 94 138 90
240 319 3 91 89 103 82 137 108
241 319 3 93 89 106 79 136 106
242 319 3 91 84 100 85 128 98
243 319 3 88 84 105 85 133 102
244 319 3 90 86 111 81 147 110
245 319 3 88 83 92 88 133 94
246 319 3 94 91 105 83 136 109
247 319 3 83 77 80 96 120 88
248 319 3 71 62 51 101 103 61
249 319 3 76 64 56 97 102 58
275 319 3 73 61 50 108 100 52
276 319 3 74 64 58 106 108 56
277 319 3 76 64 55 111 112 55
278 319 3 74 61 53 95 100 53
279 319 3 70 57 47 80 84 47
280 319 3 72 64 52 90 90 47
281 319 3 74 66 58 104 106 53
282 319 3 75 63 51 101 99 53
283 319 3 77 67 58 110 105 51
284 319 3 73 66 53 104 105 54
285 319 3 73 63 58 107 96 49
286 319 3 75 65 49 115 95 45
287 319 3 69 57 39 101 83 34
288 319 3 127 118 141 81 164 136
289 319 3 109 99 113 89 152 118
240 320 3 78 69 65 95 108 67
241 320 3 79 75 78 90 116 81
242 320 3 85 77 88 91 123 90
243 320 3 81 74 81 97 122 86
244 320 3 74 66 64 108 114 76
245 320 3 88 85 96 89 137 105
246 320 3 77 68 65 103 109 74
247 320 3 75 61 54 104 95 48
248 320 3 74 64 58 95 94 49
249 320 3 75 63 57 100 92 51
275 320 3 72 60 51 105 91 46
276 320 3 74 66 60 96 113 61
277 320 3 76 65 60 96 114 61
278 320 3 74 59 57 76 98 54
279 320 3 72 59 55 70 80 47
280 320 3 74 64 55 79 92 56
281 320 3 76 63 55 95 95 52
282 320 3 74 64 55 103 108 60
283 320 3 75 63 54 104 101 52
284 320 3 74 67 51 112 107 56
285 320 3 74 63 53 112 103 51
286 320 3 71 63 48 116 99 49
287 320 3 70 57 36 118 85 36
288 320 3 107 98 114 94 145 117
289 320 3 137 127 149 93 185 154
348 320 7 116 111 127 70 125 110
349 320 7 125 118 135 70 120 113
350 320 7 137 132 154 74 137 131
240 321 3 90 88 96 79 112 83
241 321 3 86 77 83 87 104 69
242 321 3 82 71 73 95 105 59
243 321 3 75 68 65 104 101 52
244 321 3 76 65 59 111 87 41
245 321 3 73 62 55 114 104 59
246 321 3 74 67 59 103 89 42
247 321 3 78 69 65 89 96 50
248 321 3 77 70 68 91 107 68
249 321 3 77 69 62 99 95 58
275 321 3 75 65 60 91 116 63
276 321 3 75 65 60 91 116 63
277 321 3 77 66 65 83 120 66
278 321 3 77 62 61 81 103 59
279 321 3 75 67 63 92 106 60
280 321 3 77 69 68 91 116 66
281 321 3 77 63 58 92 96 54
282 321 3 78 69 60 105 109 56
283 321 3 75 64 53 105 110 56
284 321 3 76 67 52 113 110 57
285 321 3 75 66 56 112 110 55
286 321 3 77 68 58 114 107 57
287 321 3 75 68 53 118 103 50
288 321 3 81 72 69 105 111 65
289 321 3 124 116 131 97 177 144
348 321 7 130 119 138 67 127 122
349 321 7 132 116 128 65 119 117
350 321 7 130 120 137 63 122 119
240 322 3 82 77 78 88 117 91
241 322 3 86 75 83 89 120 92
242 322 3 89 78 89 88 124 94
243 322 3 82 78 80 88 113 80
244 322 3 73 61 54 85 86 49
245 322 3 79 69 61 107 89 46
246 322 3 81 76 82 92 113 76
247 322 3 90 87 102 80 129 96
248 322 3 89 83 94 78 123 95
249 322 3 81 74 80 89 109 77
275 322 3 72 63 55 89 103 56
276 322 3 65 53 44 94 91 45
277 322 3 86 74 74 97 113 68
278 322 3 109 105 115 105 131 95
279 322 3 97 93 102 97 128 85
280 322 3 77 66 64 82 108 62
281 322 3 90 79 81 89 121 89
282 322 3 90 84 90 95 135 94
283 322 3 83 73 69 101 114 62
284 322 3 83 75 73 99 117 74
285 322 3 87 79 76 100 127 85
286 322 3 85 77 77 99 120 79
287 322 3 80 74 66 100 119 78
288 322 3 80 74 66 100 119 78
289 322 3 82 76 71 101 116 68
348 322 7 116 101 112 54 99 97
349 322 7 124 110 123 59 113 109
350 322 7 109 93 95 54 85 87
240 323 3 85 75 83 85 107 70
241 323 3 89 81 93 80 120 93
242 323 3 99 97 118 77 136 121
243 323 3 96 89 103 75 110 93
244 323 3 75 59 57 68 72 45
245 323 3 74 60 58 87 87 52
246 323 3 87 84 98 83 128 98
247 323 3 97 97 118 74 144 125
248 323 3 90 86 95 78 122 99
249 323 3 79 69 72 97 101 65
250 323 3 81 74 81 94 123 88
276 323 3 76 65 60 94 78 30
277 323 3 95 89 92 93 126 91
278 323 3 154 156 182 109 215 199
279 323 3 132 129 145 114 205 174
280 323 3 79 69 73 83 120 80
281 323 3 95 88 99 82 152 109
282 323 3 85 73 81 88 139 88
283 323 3 89 84 91 88 137 96
284 323 3 90 79 87 87 146 97
285 323 3 88 80 84 85 144 94
286 323 3 87 76 82 82 135 87
287 323 3 86 79 87 84 131 88
288 323 3 89 81 87 92 127 87
289 323 3 79 72 67 103 108 61
240 324 3 91 88 108 73 131 109
241 324 3 101 102 130 73 140 122
242 324 3 102 95 113 68 115 100
243 324 3 76 61 60 66 73 46
244 324 3 72 59 55 72 85 53
245 324 3 88 86 104 77 127 97
246 324 3 99 98 121 74 136 118
247 324 3 90 83 89 84 113 88
248 324 3 90 83 89 84 113 88
249 324 3 73 62 55 109 91 54
250 324 3 69 56 51 119 86 43
276 324 3 76 65 60 94 78 30
277 324 3 90 84 89 85 113 80
278 324 3 130 130 147 101 209 196
279 324 3 120 119 129 113 209 189
280 324 3 79 70 74 77 136 86
281 324 3 89 78 86 78 178 115
282 324 3 86 73 77 77 151 92
283 324 3 87 78 80 87 155 102
284 324 3 83 72 76 86 134 86
285 324 3 85 72 75 79 130 82
286 324 3 82 70 75 84 128 80
287 324 3 85 74 78 86 144 93
288 324 3 83 71 71 96 132 86
289 324 3 88 78 78 99 126 84
240 325 3 90 86 116 75 134 108
241 325 3 95 98 127 73 135 116
242 325 3 98 92 104 70 114 95
243 325 3 73 59 54 73 77 47
244 325 3 77 68 71 76 98 66
245 325 3 92 90 110 71 133 105
246 325 3 96 94 116 76 130 105
247 325 3 87 78 80 84 104 76
248 325 3 81 71 72 86 103 70
249 325 3 77 64 62 106 97 60
250 325 3 72 59 44 122 86 42
276 325 3 104 97 101 88 115 85
277 325 3 109 103 109 91 120 83
278 325 3 106 102 117 101 154 122
279 325 3 94 88 87 97 156 121
280 325 3 83 68 66 69 128 82
281 325 3 79 65 61 55 95 59
282 325 3 76 64 58 60 74 47
283 325 3 80 69 70 84 133 83
284 325 3 78 65 63 81 124 74
285 325 3 81 66 64 80 125 75
286 325 3 81 70 69 88 122 74
287 325 3 82 72 73 89 120 71
288 325 3 80 68 67 100 114 67
289 325 3 78 62 57 107 108 65
240 326 3 92 87 113 73 129 104
241 326 3 97 96 124 71 131 116
242 326 3 92 83 94 67 103 83
243 326 3 72 56 50 69 69 40
244 326 3 74 63 63 78 92 62
245 326 3 94 92 109 74 135 109
246 326 3 83 77 81 91 113 81
247 326 3 73 61 52 102 89 51
248 326 3 83 72 78 83 105 74
249 326 3 92 85 99 73 119 93
250 326 3 89 83 91 82 121 89
276 326 3 133 129 145 87 160 140
277 326 3 131 125 144 85 165 147
278 326 3 104 93 102 91 143 118
279 326 3 87 74 71 78 106 72
280 326 3 74 58 50 35 50 28
281 326 3 71 54 47 20 25 20
282 326 3 75 65 59 61 57 35
283 326 3 76 63 58 84 98 56
284 326 3 76 61 59 91 106 60
285 326 3 78 67 62 93 113 66
286 326 3 81 72 74 88 130 80
287 326 3 83 73 77 84 137 83
288 326 3 82 72 75 87 125 72
289 326 3 80 66 63 102 118 66
389 326 1 116 107 128 68 151 128
390 326 1 104 91 101 62 111 85
391 326 1 104 91 101 62 111 85
392 326 1 119 104 112 59 107 92
393 326 1 113 95 110 52 87 80
394 326 1 95 76 82 47 65 53
395 326 1 86 70 70 67 83 53
396 326 1 84 70 75 73 100 68
397 326 1 81 69 68 63 82 53
398 326 1 72 58 51 73 70 42
399 326 1 69 56 46 84 77 35
240 327 3 95 87 107 71 120 102
241 327 3 102 97 119 72 127 109
242 327 3 86 75 84 61 98 79
243 327 3 68 54 47 59 68 39
244 327 3 68 56 48 83 77 40
245 327 3 84 78 87 85 112 83
246 327 3 78 70 65 96 101 61
247 327 3 69 54 38 115 85 39
248 327 3 69 55 40 120 84 39
249 327 3 77 68 63 105 98 58
250 327 3 82 74 76 92 106 73
277 327 3 122 115 122 97 156 133
278 327 3 99 92 95 96 142 113
279 327 3 81 71 65 69 93 65
280 327 3 70 53 48 28 15 11
281 327 3 71 55 49 34 12 9
282 327 3 75 65 59 61 57 35
283 327 3 78 66 61 91 107 58
284 327 3 74 62 55 98 103 53
285 327 3 76 66 59 95 111 58
286 327 3 81 68 66 94 120 65
287 327 3 80 69 65 87 115 71
288 327 3 82 73 77 83 123 83
289 327 3 80 70 65 94 114 64
380 327 1 157 147 171 93 161 142
381 327 1 119 100 109 57 94 95
382 327 1 97 74 77 42 82 78
383 327 1 111 96 103 57 88 84
384 327 1 108 89 100 54 86 78
385 327 1 105 84 91 47 77 73
386 327 1 116 95 104 58 81 79
387 327 1 147 137 161 89 165 145
388 327 1 140 137 163 86 188 160
389 327 1 106 95 109 57 110 95
390 327 1 78 58 63 46 80 57
391 327 1 93 77 78 60 83 56
392 327 1 97 84 95 66 96 75
393 327 1 91 74 78 63 89 68
394 327 1 88 74 76 65 80 58
395 327 1 85 72 76 65 99 71
396 327 1 81 66 65 75 88 57
397 327 1 73 63 56 80 88 49
398 327 1 69 54 44 85 72 37
399 327 1 69 56 41 98 80 39
240 328 3 92 83 100 70 114 92
241 328 3 104 99 122 71 125 108
242 328 3 86 75 85 55 88 71
243 328 3 67 52 44 58 65 38
244 328 3 73 62 53 88 79 39
245 328 3 84 77 81 88 114 82
246 328 3 90 86 99 78 128 100
247 328 3 82 74 82 89 106 69
248 328 3 73 61 51 114 86 41
249 328 3 67 54 32 129 83 39
250 328 3 67 53 37 126 85 39
277 328 3 85 76 72 98 126 86
278 328 3 81 70 65 91 113 67
279 328 3 79 66 65 64 79 51
280 328 3 77 64 56 52 57 38
281 328 3 75 62 58 76 80 43
282 328 3 79 68 63 91 118 69
283 328 3 73 65 59 95 103 50
284 328 3 82 69 63 94 97 50
285 328 3 82 69 63 94 97 50
286 328 3 87 78 82 93 113 70
287 328 3 90 77 80 82 114 80
288 328 3 89 82 87 74 102 81
289 328 3 82 72 71 100 118 75
380 328 1 119 99 107 63 109 105
381 328 1 104 81 85 46 76 72
382 328 1 101 83 87 46 83 77
383 328 1 98 81 85 49 87 77
384 328 1 105 85 94 51 88 82
385 328 1 107 87 96 49 90 86
386 328 1 109 90 96 48 87 80
387 328 1 110 90 101 55 94 89
388 328 1 118 107 124 70 112 97
389 328 1 135 131 152 79 111 88
390 328 1 107 91 101 58 70 60
391 328 1 100 86 94 59 73 62
392 328 1 89 70 72 55 79 65
393 328 1 88 74 73 71 91 64
394 328 1 94 80 85 65 88 60
395 328 1 90 76 83 67 99 70
396 328 1 80 67 62 85 97 58
397 328 1 84 77 73 86 111 74
398 328 1 81 66 62 79 80 53
399 328 1 74 58 49 94 82 45
400 328 1 81 68 60 82 87 51
240 329 3 84 75 75 75 100 76
241 329 3 95 86 98 76 125 104
242 329 3 79 67 69 64 73 63
243 329 3 68 55 48 78 68 38
244 329 3 74 62 50 101 84 46
245 329 3 87 80 85 89 113 83
246 329 3 91 88 108 75 129 105
247 329 3 90 86 105 79 135 103
248 329 3 83 75 76 94 122 81
249 329 3 72 62 49 113 98 48
250 329 3 71 59 44 118 92 47
251 329 3 69 55 38 121 84 40
380 329 1 92 74 76 62 82 74
381 329 1 100 82 86 52 78 72
382 329 1 101 83 90 52 84 78
383 329 1 104 88 95 52 89 81
384 329 1 103 86 94 55 92 86
385 329 1 104 86 94 53 93 87
386 329 1 107 91 99 53 92 88
387 329 1 96 78 83 51 79 79
388 329 1 119 107 123 70 103 82
389 329 1 135 131 152 79 111 88
390 329 1 139 131 158 79 128 90
391 329 1 113 105 117 57 105 77
392 329 1 87 64 64 44 58 54
393 329 1 94 78 79 66 84 67
394 329 1 98 81 89 56 86 67
395 329 1 95 81 87 60 91 80
396 329 1 85 75 74 78 113 69
397 329 1 96 84 89 73 111 79
398 329 1 93 79 81 64 98 70
399 329 1 87 73 73 61 85 60
400 329 1 87 71 68 68 80 60
240 330 3 73 63 55 104 97 58
241 330 3 71 58 46 111 85 46
242 330 3 71 59 51 103 85 43
243 330 3 72 59 49 107 86 43
244 330 3 74 62 50 101 84 46
245 330 3 75 64 55 106 98 59
246 330 3 76 64 62 103 108 65
247 330 3 80 70 70 99 113 70
248 330 3 80 73 70 96 112 67
249 330 3 78 66 56 103 97 52
250 330 3 71 59 45 113 84 43
251 330 3 71 62 47 118 93 46
380 330 1 87 73 74 72 84 64
381 330 1 94 79 85 65 83 72
382 330 1 98 81 87 64 88 76
383 330 1 101 84 92 55 88 84
384 330 1 99 84 91 59 95 81
385 330 1 101 86 92 60 97 88
386 330 1 99 83 90 59 98 91
387 330 1 96 81 85 59 90 80
388 330 1 92 76 80 55 90 73
389 330 1 144 139 165 87 112 85
390 330 1 107 96 114 65 96 77
391 330 1 101 88 100 62 89 71
392 330 1 95 79 82 60 79 66
393 330 1 99 80 83 55 77 65
394 330 1 98 79 87 50 74 66
395 330 1 92 75 80 57 94 71
396 330 1 96 81 91 67 95 76
397 330 1 96 82 92 60 82 71
398 330 1 95 77 81 51 79 63
399 330 1 96 80 87 45 70 56
400 330 1 87 71 76 58 73 51
240 331 3 71 57 42 123 85 39
241 331 3 68 56 40 131 84 37
242 331 3 73 61 48 102 88 44
243 331 3 71 58 48 100 84 41
244 331 3 68 56 35 124 82 39
245 331 3 67 54 34 122 80 38
246 331 3 75 65 62 99 106 61
247 331 3 85 76 81 84 123 80
248 331 3 80 68 63 97 104 62
249 331 3 70 59 44 115 83 41
250 331 3 70 58 42 122 78 37
251 331 3 70 60 43 125 84 38
380 331 1 97 81 84 64 75 53
381 331 1 98 80 87 64 90 72
382 331 1 95 77 79 66 91 70
383 331 1 98 81 85 63 94 83
384 331 1 97 81 87 61 90 77
385 331 1 94 79 83 60 90 73
386 331 1 93 75 79 61 92 75
387 331 1 95 76 80 58 90 76
388 331 1 93 78 82 56 88 74
389 331 1 86 69 73 53 91 68
390 331 1 90 72 72 58 83 67
391 331 1 94 75 78 59 81 68
392 331 1 100 80 83 59 83 69
393 331 1 99 85 90 51 82 75
394 331 1 98 80 86 64 86 70
395 331 1 88 73 78 64 87 62
396 331 1 92 78 81 61 103 72
397 331 1 93 80 88 55 88 73
398 331 1 93 72 80 46 71 58
399 331 1 97 79 93 49 86 71
400 331 1 92 76 82 52 72 58
380 332 1 93 76 84 58 83 66
381 332 1 87 71 73 55 71 49
382 332 1 90 67 69 45 55 44
383 332 1 93 75 79 51 76 63
384 332 1 88 69 70 46 69 52
385 332 1 88 67 68 44 67 52
386 332 1 94 76 79 48 79 67
387 332 1 94 76 79 48 79 67
388 332 1 93 78 82 51 79 69
389 332 1 95 80 85 58 79 69
390 332 1 102 86 92 57 73 71
391 332 1 100 84 93 61 81 76
392 332 1 92 76 79 69 88 71
393 332 1 90 76 80 67 84 69
394 332 1 93 78 83 61 95 67
395 332 1 88 73 78 64 87 62
396 332 1 94 71 76 44 70 53
397 332 1 94 75 80 45 77 64
398 332 1 97 76 86 45 67 56
399 332 1 95 75 85 47 70 60
400 332 1 93 74 75 46 68 57
380 333 1 94 75 82 52 82 71
381 333 1 94 71 75 45 61 47
382 333 1 89 69 71 39 56 46
383 333 1 91 71 74 42 61 52
384 333 1 87 65 67 40 49 42
385 333 1 86 63 64 37 43 33
386 333 1 89 66 67 37 53 47
387 333 1 89 69 70 35 57 53
388 333 1 94 81 86 57 91 66
389 333 1 118 105 115 72 110 98
390 333 1 108 96 102 74 103 86
391 333 1 88 75 78 65 87 66
392 333 1 93 80 85 62 86 68
393 333 1 92 78 82 58 89 66
394 333 1 97 77 83 50 68 56
395 333 1 97 75 77 39 57 52
396 333 1 96 74 80 41 64 53
397 333 1 98 75 81 42 66 54
398 333 1 97 77 82 41 62 51
399 333 1 93 73 75 38 59 49
400 333 1 93 73 75 38 59 49
396 334 1 101 82 86 47 59 46
397 334 1 92 72 76 40 58 50
398 334 1 95 72 76 40 62 52
399 334 1 93 72 78 40 60 48
400 334 1 92 74 78 41 61 52
185 346 4 80 69 69 85 110 70
186 346 4 71 59 52 77 79 42
185 347 4 85 71 73 76 86 58
186 347 4 74 61 55 79 74 42
187 347 4 75 67 61 80 95 56
188 347 4 78 68 66 66 109 72
184 348 4 80 70 69 71 92 59
185 348 4 91 79 81 78 93 67
186 348 4 76 62 57 84 77 43
187 348 4 76 66 60 86 94 55
188 348 4 84 72 69 81 103 71
189 348 4 81 68 63 85 92 64
184 349 4 74 60 55 70 81 49
185 349 4 87 76 72 80 93 61
186 349 4 74 63 58 81 80 45
187 349 4 77 64 62 81 95 55
188 349 4 81 68 64 94 102 62
189 349 4 73 60 52 97 82 48
184 350 4 82 71 72 80 104 64
185 350 4 71 59 55 72 82 47
186 350 4 75 58 55 74 87 52
187 350 4 81 69 68 85 112 64
188 350 4 77 63 59 83 90 48
189 350 4 73 56 50 75 77 46
184 351 4 80 73 73 85 101 65
185 351 4 78 65 64 78 77 45
186 351 4 72 60 51 79 75 43
187 351 4 81 70 68 83 113 67
188 351 4 79 67 67 81 107 62
189 351 4 71 56 49 76 74 39
184 352 4 86 82 81 92 116 77
185 352 4 79 63 60 75 78 50
186 352 4 75 57 53 74 70 37
187 352 4 79 68 68 79 96 61
188 352 4 83 71 74 81 112 72
189 352 4 75 61 61 79 101 55
183 353 4 84 73 70 80 103 66
184 353 4 87 79 83 81 116 80
185 353 4 85 71 73 78 94 64
186 353 4 85 68 70 77 84 54
187 353 4 89 79 79 77 88 63
188 353 4 85 76 78 79 103 71
189 353 4 80 71 71 84 111 68
183 354 4 74 64 58 82 95 54
184 354 4 82 68 69 85 100 65
185 354 4 80 65 66 70 97 64
186 354 4 83 70 70 68 97 68
187 354 4 88 75 74 70 84 59
188 354 4 82 69 63 80 81 48
189 354 4 81 70 71 85 105 66
183 355 4 75 63 58 77 83 48
184 355 4 84 71 71 89 98 60
185 355 4 73 59 57 76 85 49
186 355 4 74 58 55 66 75 44
187 355 4 75 58 53 70 64 38
188 355 4 69 54 44 85 68 34
371 358 7 101 95 111 74 118 91
372 358 7 118 105 119 69 137 124
373 358 7 110 105 118 70 134 120
371 359 7 102 97 111 75 118 92
372 359 7 106 97 108 70 120 100
373 359 7 110 105 118 70 134 120
374 359 7 112 107 122 73 136 120
371 360 7 108 100 114 62 119 107
372 360 7 104 88 94 54 95 81
373 360 7 109 101 111 69 108 92
372 361 7 102 85 91 53 94 86
373 361 7 110 95 104 63 97 86
372 362 7 105 93 103 56 102 94
373 362 7 111 93 95 51 87 78
295 370 5 69 56 56 58 95 56
296 370 5 72 55 57 59 105 66
297 370 5 74 58 61 61 113 69
298 370 5 75 57 63 62 122 76
299 370 5 73 57 60 59 114 67
300 370 5 75 56 56 54 94 58
301 370 5 72 52 54 52 85 55
302 370 5 72 52 50 51 84 51
303 370 5 71 53 53 56 89 55
304 370 5 71 55 55 57 94 57
305 370 5 70 52 52 54 84 50
306 370 5 70 53 48 61 72 43
295 371 5 73 56 56 58 85 51
296 371 5 68 51 50 57 80 48
297 371 5 75 58 61 61 110 69
298 371 5 75 59 61 59 114 72
299 371 5 74 59 61 58 112 66
300 371 5 72 55 54 55 102 62
301 371 5 71 53 51 53 86 54
302 371 5 71 52 50 52 74 46
303 371 5 70 52 46 51 78 46
304 371 5 65 49 44 56 71 41
305 371 5 66 49 42 61 59 33
306 371 5 70 52 48 62 65 38
295 372 5 66 52 46 56 69 41
296 372 5 67 49 44 60 62 33
297 372 5 70 54 49 60 79 45
298 372 5 70 52 52 58 85 51
299 372 5 73 57 59 56 101 62
300 372 5 73 56 58 54 98 59
301 372 5 68 52 50 57 75 43
302 372 5 69 52 49 59 69 41
303 372 5 69 50 44 54 65 37
304 372 5 67 49 42 61 57 29
305 372 5 68 50 44 63 62 35
306 372 5 71 54 52 61 84 50
399 372 5 65 49 42 60 58 30
400 372 5 69 51 42 63 57 32
401 372 5 68 50 40 66 59 34
402 372 5 70 51 42 69 68 34
403 372 5 74 54 48 66 74 44
404 372 5 78 59 63 65 105 62
405 372 5 81 66 71 65 111 71
406 372 5 71 52 48 53 70 45
407 372 5 67 51 43 66 75 43
408 372 5 69 56 48 67 75 41
409 372 5 71 56 47 60 61 37
295 373 5 68 50 41 62 60 29
296 373 5 68 50 41 62 60 29
297 373 5 71 52 46 62 63 36
298 373 5 69 48 41 59 58 30
299 373 5 67 54 53 60 83 51
300 373 5 70 53 54 56 86 52
301 373 5 72 52 49 58 75 43
302 373 5 72 52 50 59 79 49
303 373 5 69 52 47 57 63 37
304 373 5 68 52 46 60 72 39
305 373 5 72 55 56 59 96 59
306 373 5 73 58 60 57 100 64
399 373 5 68 49 42 62 56 30
400 373 5 70 51 46 66 57 30
401 373 5 69 51 42 63 54 31
402 373 5 67 49 39 65 59 29
403 373 5 73 55 51 65 68 39
404 373 5 78 60 65 68 106 63
405 373 5 78 66 71 65 125 78
406 373 5 66 49 45 50 62 38
407 373 5 67 50 46 62 62 37
408 373 5 70 55 46 73 72 40
409 373 5 71 57 48 78 73 39
295 374 5 67 51 45 62 64 31
296 374 5 67 51 45 62 66 36
297 374 5 68 49 45 62 59 30
298 374 5 69 49 46 60 63 36
299 374 5 71 54 49 57 74 45
300 374 5 72 57 57 61 87 52
301 374 5 72 55 56 60 93 56
302 374 5 71 50 46 58 73 43
303 374 5 67 52 44 60 66 36
304 374 5 68 53 51 57 81 49
305 374 5 69 51 49 57 72 45
306 374 5 73 53 50 59 81 48
399 374 5 68 50 41 70 59 29
400 374 5 72 53 46 66 63 38
401 374 5 69 50 41 57 58 33
402 374 5 70 51 44 73 69 35
403 374 5 75 59 57 71 86 53
404 374 5 78 61 64 63 97 58
405 374 5 74 57 61 59 113 69
406 374 5 68 50 43 53 62 35
407 374 5 67 50 46 64 55 32
408 374 5 73 61 51 82 87 49
295 375 5 68 50 45 60 65 36
296 375 5 67 50 44 61 66 38
297 375 5 70 49 45 61 69 38
298 375 5 68 50 44 60 60 34
299 375 5 71 51 43 58 66 38
300 375 5 72 57 55 62 92 56
301 375 5 70 57 59 60 100 60
302 375 5 68 50 48 55 77 44
303 375 5 69 50 43 60 60 33
304 375 5 67 52 45 59 59 33
305 375 5 68 50 45 60 54 31
306 375 5 71 50 51 60 75 44
399 375 5 69 50 42 67 61 33
400 375 5 72 54 49 60 58 35
401 375 5 70 51 43 51 48 31
402 375 5 72 51 45 66 69 38
403 375 5 74 58 55 62 84 51
404 375 5 72 56 53 51 76 50
405 375 5 69 49 43 56 74 41
406 375 5 70 50 44 57 59 36
407 375 5 69 53 43 66 65 36
408 375 5 72 59 51 72 80 43
295 376 5 68 50 46 62 64 38
296 376 5 67 50 44 61 66 38
297 376 5 68 51 46 61 69 39
298 376 5 67 50 46 58 68 39
299 376 5 69 49 43 59 60 31
300 376 5 69 53 50 63 78 47
301 376 5 73 54 57 58 90 58
302 376 5 69 50 48 54 70 39
303 376 5 69 51 45 57 65 39
304 376 5 69 51 44 57 65 39
305 376 5 67 48 41 59 56 33
306 376 5 70 51 49 61 71 44
399 376 5 68 51 38 64 57 32
400 376 5 68 52 43 61 60 32
401 376 5 67 52 46 61 58 35
402 376 5 69 54 46 65 64 37
403 376 5 71 53 50 62 78 45
404 376 5 70 54 48 49 56 38
405 376 5 68 48 40 59 55 31
406 376 5 70 51 45 57 54 29
407 376 5 68 54 44 67 71 38
408 376 5 71 59 52 73 86 46
295 377 5 68 50 43 62 64 34
296 377 5 70 50 44 61 65 37
297 377 5 67 51 42 62 65 37
298 377 5 64 51 43 60 64 35
299 377 5 68 51 45 64 65 37
300 377 5 69 54 54 66 83 49
301 377 5 74 54 56 58 90 54
302 377 5 71 51 45 56 66 39
303 377 5 66 50 42 60 59 33
304 377 5 70 50 44 59 63 37
305 377 5 67 48 41 61 56 32
306 377 5 71 51 47 64 67 40
400 377 5 69 52 45 66 60 32
401 377 5 69 54 48 65 72 41
402 377 5 69 53 49 65 74 43
403 377 5 71 53 50 62 78 45
404 377 5 69 50 48 57 60 34
405 377 5 69 53 44 62 62 35
406 377 5 72 54 46 61 63 36
407 377 5 68 58 50 69 72 40
408 377 5 74 60 52 73 85 49
295 378 5 67 50 42 62 61 30
296 378 5 69 50 44 61 63 34
297 378 5 67 50 40 62 61 35
298 378 5 66 51 43 64 62 32
299 378 5 69 53 51 64 78 47
300 378 5 73 56 61 64 108 67
301 378 5 73 55 58 58 102 62
302 378 5 69 52 46 56 76 44
303 378 5 65 49 40 62 55 29
304 378 5 70 50 42 60 61 35
305 378 5 69 49 43 62 60 35
306 378 5 69 50 45 62 67 37
400 378 5 74 59 53 69 71 44
401 378 5 72 55 47 61 71 45
402 378 5 69 51 45 56 61 36
403 378 5 72 54 46 62 65 38
404 378 5 76 58 53 64 67 41
405 378 5 79 68 62 64 78 52
406 378 5 72 59 54 69 78 49
407 378 5 71 58 49 72 74 41
408 378 5 76 61 57 63 80 47
295 379 5 68 49 43 64 62 31
296 379 5 69 50 42 64 64 37
297 379 5 67 49 46 60 65 36
298 379 5 69 52 48 62 81 46
299 379 5 71 55 57 62 91 55
300 379 5 75 55 62 58 99 61
301 379 5 72 55 54 55 89 52
302 379 5 69 52 46 56 76 44
303 379 5 67 49 42 60 61 32
304 379 5 67 47 40 62 54 32
305 379 5 68 51 44 64 58 34
306 379 5 70 51 47 66 71 38
400 379 5 68 56 43 66 70 40
401 379 5 68 52 44 71 68 39
402 379 5 70 52 43 65 62 34
403 379 5 68 51 46 58 57 34
404 379 5 72 54 44 61 59 35
405 379 5 72 57 50 63 76 48
406 379 5 75 58 54 67 83 53
407 379 5 76 61 55 74 83 46
408 379 5 76 59 57 68 82 49
295 380 5 68 52 47 58 76 42
296 380 5 69 50 51 59 79 43
297 380 5 68 53 52 58 85 51
298 380 5 71 56 56 56 95 58
299 380 5 73 53 55 56 91 54
300 380 5 70 52 51 56 77 44
301 380 5 68 51 46 56 63 36
302 380 5 69 50 43 59 64 36
303 380 5 66 49 41 63 55 28
304 380 5 66 49 41 63 55 28
305 380 5 67 51 44 67 64 38
306 380 5 70 55 51 65 90 50
400 380 5 69 51 43 61 65 34
401 380 5 66 49 39 65 63 32
402 380 5 66 51 41 73 73 38
403 380 5 69 53 45 64 60 37
404 380 5 70 52 50 58 64 36
405 380 5 74 59 51 61 70 39
406 380 5 77 64 63 74 89 55
407 380 5 79 69 64 90 106 60
408 380 5 81 68 65 84 105 68
295 381 5 71 51 46 57 65 38
296 381 5 70 52 49 57 78 45
297 381 5 67 52 49 56 82 50
298 381 5 68 53 51 56 80 47
299 381 5 70 52 49 57 75 42
300 381 5 68 49 45 57 68 40
301 381 5 67 48 42 57 60 34
302 381 5 66 49 42 60 55 30
303 381 5 66 51 41 65 57 29
304 381 5 69 53 47 67 75 44
305 381 5 73 57 56 61 96 59
306 381 5 74 55 61 55 94 57
400 381 5 70 50 42 58 66 38
401 381 5 67 49 41 59 58 31
402 381 5 67 51 44 68 72 37
403 381 5 71 56 49 76 82 47
404 381 5 75 59 54 69 89 52
405 381 5 73 56 52 59 78 46
406 381 5 70 56 52 63 75 46
407 381 5 73 57 53 77 87 47
408 381 5 80 64 60 80 85 55
116 382 5 69 51 48 60 72 40
117 382 5 69 51 42 58 59 35
118 382 5 69 52 42 63 58 31
119 382 5 67 50 45 65 58 29
120 382 5 67 49 44 59 59 31
121 382 5 67 51 45 60 59 32
122 382 5 70 52 45 58 63 38
123 382 5 69 50 43 57 59 31
124 382 5 70 51 46 62 69 39
125 382 5 67 51 41 59 75 45
126 382 5 70 54 47 54 64 39
127 382 5 70 54 48 50 70 43
400 382 5 69 52 45 56 72 40
401 382 5 69 52 45 59 78 42
402 382 5 72 54 48 66 80 43
403 382 5 71 55 47 71 90 48
404 382 5 73 58 52 67 92 53
405 382 5 72 56 53 57 84 51
406 382 5 70 54 46 50 56 34
407 382 5 70 51 45 64 55 32
408 382 5 70 53 46 65 50 29
116 383 5 68 50 45 57 65 36
117 383 5 70 52 45 57 62 37
118 383 5 68 53 42 60 58 34
119 383 5 67 52 44 64 62 33
120 383 5 69 51 44 62 53 28
121 383 5 68 49 43 62 56 29
122 383 5 69 54 45 63 65 36
123 383 5 69 52 44 61 59 33
124 383 5 70 51 44 64 63 35
125 383 5 69 50 45 57 72 41
126 383 5 70 54 48 53 73 43
127 383 5 72 58 55 59 71 42
400 383 5 70 53 45 60 70 37
401 383 5 69 52 48 57 78 44
402 383 5 70 56 48 67 82 48
403 383 5 71 55 49 69 84 48
404 383 5 72 55 51 64 81 48
405 383 5 74 56 50 58 79 47
406 383 5 69 55 46 58 66 38
407 383 5 65 52 43 60 67 41
408 383 5 72 52 46 61 58 34
116 384 5 67 52 44 62 58 31
117 384 5 69 52 41 58 63 35
118 384 5 70 52 43 61 60 36
119 384 5 67 52 44 64 62 33
120 384 5 67 50 45 62 60 34
121 384 5 68 51 43 63 56 31
122 384 5 70 52 43 60 65 37
123 384 5 70 51 47 55 67 39
124 384 5 68 50 45 57 60 33
125 384 5 70 53 44 61 69 38
126 384 5 72 56 47 60 78 46
127 384 5 73 59 52 70 95 54
400 384 5 71 54 44 60 73 40
401 384 5 69 56 48 66 79 46
402 384 5 70 55 50 60 75 42
403 384 5 69 53 45 63 77 45
404 384 5 70 53 43 60 68 41
405 384 5 70 54 49 64 77 44
406 384 5 71 58 52 62 73 48
407 384 5 71 58 52 62 73 48
408 384 5 76 60 56 63 70 42
116 385 5 69 50 41 57 59 33
117 385 5 69 50 43 58 60 32
118 385 5 71 52 43 62 60 31
119 385 5 68 50 43 64 61 33
120 385 5 68 51 45 60 63 35
121 385 5 67 50 41 59 57 31
122 385 5 67 51 43 63 56 31
123 385 5 67 51 45 58 65 37
124 385 5 67 49 43 55 55 30
125 385 5 69 52 48 63 66 38
126 385 5 71 56 47 69 83 44
127 385 5 68 53 46 63 83 48
228 385 4 82 64 66 80 71 44
229 385 4 72 60 56 83 63 37
116 386 5 68 49 45 56 57 33
117 386 5 68 49 45 56 57 33
118 386 5 68 50 43 61 56 30
119 386 5 67 52 45 64 60 33
120 386 5 67 50 44 61 59 30
121 386 5 68 52 45 60 60 33
122 386 5 69 52 46 62 63 34
123 386 5 66 51 45 63 64 37
124 386 5 67 49 44 56 67 36
125 386 5 72 54 47 70 78 43
126 386 5 71 57 48 69 88 46
127 386 5 70 51 43 55 65 38
228 386 4 82 67 74 76 96 64
229 386 4 78 68 67 85 112 68
230 386 4 80 66 66 87 94 57
231 386 4 76 61 60 86 82 48
116 387 5 70 50 44 56 63 37
117 387 5 70 52 42 61 62 36
118 387 5 72 52 47 59 68 39
119 387 5 68 50 45 61 59 33
120 387 5 67 50 42 60 57 30
121 387 5 68 52 47 65 67 37
122 387 5 68 54 46 62 77 45
123 387 5 70 55 48 56 71 42
124 387 5 73 54 51 64 86 47
125 387 5 72 54 47 70 78 43
126 387 5 69 52 46 67 78 45
127 387 5 67 51 46 55 72 43
228 387 4 71 53 54 64 89 55
229 387 4 78 63 60 70 94 58
230 387 4 84 71 72 78 98 65
231 387 4 85 73 77 76 87 62
116 388 5 71 51 44 58 66 38
117 388 5 71 55 47 63 74 44
118 388 5 71 55 51 56 79 47
119 388 5 68 50 45 59 62 34
120 388 5 70 53 48 66 71 40
121 388 5 70 53 48 57 76 44
122 388 5 69 52 48 58 72 43
123 388 5 71 55 50 68 80 45
124 388 5 69 49 44 53 66 37
125 388 5 68 51 45 60 69 41
126 388 5 69 55 47 59 73 44
127 388 5 70 58 47 62 80 44
228 388 4 68 51 47 65 66 39
229 388 4 78 61 57 74 78 43
230 388 4 87 75 76 74 96 65
231 388 4 89 79 82 85 100 68
232 388 4 75 60 56 79 79 45
116 389 5 68 51 47 58 72 41
117 389 5 70 54 50 62 80 46
118 389 5 70 52 49 53 76 44
119 389 5 71 53 50 57 77 45
120 389 5 72 54 49 59 77 46
121 389 5 67 51 46 54 68 40
122 389 5 69 54 49 67 80 44
123 389 5 69 51 45 56 69 38
124 389 5 67 46 41 50 52 30
125 389 5 67 51 45 52 64 37
126 389 5 69 55 45 60 70 41
127 389 5 70 55 47 58 78 45
228 389 4 73 57 57 70 81 47
229 389 4 79 63 64 74 103 58
230 389 4 81 71 71 77 102 63
231 389 4 81 71 67 86 102 68
232 389 4 84 72 71 85 86 53
116 390 5 71 53 48 58 71 38
117 390 5 70 53 48 56 77 46
118 390 5 71 51 47 53 72 42
119 390 5 69 54 50 54 78 47
120 390 5 72 53 48 53 76 46
121 390 5 69 55 50 62 78 46
122 390 5 71 57 54 65 87 49
123 390 5 69 49 44 44 67 37
124 390 5 67 48 42 53 53 30
125 390 5 67 49 44 56 57 33
126 390 5 70 52 45 56 66 38
127 390 5 70 53 45 56 73 43
228 390 4 79 68 68 75 98 61
229 390 4 83 72 72 76 106 68
230 390 4 84 71 69 85 103 59
231 390 4 81 71 67 91 104 66
232 390 4 79 69 62 92 97 61
116 391 5 72 54 47 57 78 46
117 391 5 68 53 48 57 72 41
118 391 5 71 50 46 57 67 39
119 391 5 66 50 44 54 63 38
120 391 5 69 51 44 60 64 39
121 391 5 75 57 55 66 89 52
122 391 5 71 53 52 51 81 48
123 391 5 68 49 44 46 57 34
124 391 5 69 51 45 55 58 35
125 391 5 70 49 45 65 58 32
126 391 5 69 50 43 55 61 34
127 391 5 68 52 44 54 62 36
228 391 4 78 66 64 82 98 64
229 391 4 83 70 69 83 101 67
230 391 4 83 71 67 89 102 62
231 391 4 81 70 66 96 106 61
232 391 4 80 69 64 91 102 64
116 392 5 71 54 50 54 81 48
117 392 5 70 54 48 59 68 39
118 392 5 71 50 47 62 63 35
119 392 5 67 50 40 58 54 29
120 392 5 69 53 47 70 70 39
121 392 5 72 54 53 55 80 48
122 392 5 68 48 42 45 59 36
123 392 5 69 48 41 54 55 32
124 392 5 69 51 44 56 61 37
125 392 5 70 51 43 60 58 34
126 392 5 66 49 41 59 57 33
127 392 5 66 49 43 56 54 30
228 392 4 90 75 78 83 109 71
229 392 4 79 68 62 93 96 61
230 392 4 72 61 52 104 89 48
231 392 4 75 59 52 92 82 42
232 392 4 80 67 64 90 93 57
117 393 5 71 53 55 64 81 47
118 393 5 72 56 54 58 93 52
119 393 5 68 50 42 65 61 33
120 393 5 71 56 55 66 86 49
121 393 5 68 50 48 45 67 43
122 393 5 65 46 41 54 45 27
123 393 5 68 49 43 62 59 30
124 393 5 66 50 43 58 57 31
125 393 5 68 50 40 55 55 30
126 393 5 67 49 42 62 56 28
127 393 5 66 49 42 63 58 33
228 393 4 88 74 74 88 99 65
229 393 4 75 62 58 89 80 52
230 393 4 71 57 46 101 76 40
231 393 4 70 54 41 104 82 41
232 393 4 75 60 51 87 77 46
267 393 4 76 61 57 63 75 50
268 393 4 77 60 57 67 98 61
117 394 5 75 57 61 62 109 65
118 394 5 67 53 49 49 74 44
119 394 5 70 52 50 51 76 48
120 394 5 68 45 40 49 49 29
121 394 5 68 49 42 62 55 28
122 394 5 69 52 47 65 64 34
123 394 5 67 50 46 61 55 29
124 394 5 70 50 42 60 53 30
125 394 5 69 50 41 60 52 30
126 394 5 69 49 41 65 55 29
127 394 5 66 50 45 63 60 32
267 394 4 73 63 60 79 89 53
268 394 4 81 69 66 84 107 65
269 394 4 75 64 57 86 101 60
270 394 4 78 64 57 90 96 52
271 394 4 85 75 72 99 100 60
272 394 4 84 76 72 96 99 60
117 395 5 67 53 49 49 74 44
118 395 5 69 48 42 56 50 29
119 395 5 67 48 42 57 48 26
120 395 5 69 52 46 67 67 35
121 395 5 70 52 49 62 70 43
122 395 5 71 52 48 57 66 40
123 395 5 71 53 47 59 62 34
124 395 5 70 51 43 64 59 32
125 395 5 69 53 47 63 64 35
126 395 5 69 52 45 58 62 36
127 395 5 67 50 43 59 57 33
267 395 4 80 67 66 86 91 55
268 395 4 87 77 77 85 109 72
269 395 4 82 70 67 89 100 59
270 395 4 75 62 55 103 82 43
271 395 4 70 59 48 109 89 45
272 395 4 80 71 72 89 102 64
273 395 4 90 80 91 72 104 76
267 396 4 89 80 80 91 116 77
268 396 4 89 80 80 91 116 77
269 396 4 92 83 84 90 119 80
270 396 4 86 73 69 96 94 57
271 396 4 76 61 54 92 75 36
272 396 4 79 65 67 75 97 60
273 396 4 88 76 82 68 114 83
267 397 4 85 75 76 87 108 70
268 397 4 89 79 79 83 94 66
269 397 4 101 87 89 68 97 73
270 397 4 84 70 65 84 88 58
271 397 4 73 59 50 92 83 47
272 397 4 87 75 75 78 106 74
273 397 4 80 67 66 80 93 60
267 398 4 83 71 72 84 106 65
268 398 4 85 74 72 85 102 64
269 398 4 84 70 65 84 86 62
270 398 4 72 59 51 90 84 54
271 398 4 73 61 54 94 76 40
272 398 4 86 71 68 79 92 58
273 398 4 83 69 65 67 94 60
186 399 6 76 64 69 76 94 54
187 399 6 81 69 72 69 104 66
188 399 6 76 62 63 68 86 51
267 399 4 82 71 69 79 102 64
268 399 4 85 74 72 85 102 64
269 399 4 83 71 68 90 89 52
270 399 4 76 61 54 94 79 42
271 399 4 72 56 46 91 78 43
272 399 4 75 60 52 84 78 47
273 399 4 76 62 59 77 86 52
185 400 6 74 59 62 60 76 46
186 400 6 76 64 69 76 94 54
187 400 6 72 57 56 49 75 41
188 400 6 70 51 46 35 33 18
267 400 4 81 70 68 81 89 56
268 400 4 77 68 64 93 109 61
269 400 4 85 71 70 94 95 61
270 400 4 79 65 58 95 85 52
271 400 4 86 75 73 90 93 61
272 400 4 82 73 70 88 77 53
273 400 4 73 58 53 86 71 38
185 401 6 76 61 60 69 91 49
186 401 6 68 48 40 25 24 16
187 401 6 66 45 38 17 10 8
188 401 6 66 46 33 13 10 10
269 401 4 81 67 65 92 88 57
270 401 4 86 72 70 85 89 67
271 401 4 84 73 76 101 92 60
272 401 4 84 69 70 84 81 55
273 401 4 72 55 48 80 64 36
274 401 4 79 64 58 85 80 50
186 402 6 69 48 42 26 29 19
271 402 4 75 61 55 100 87 46
272 402 4 69 54 46 88 66 35
273 402 4 70 54 41 86 64 34
274 402 4 79 64 58 85 80 50
274 403 4 79 67 64 103 103 56